1602
3072

0.32453 0.32294 -0.34766
0.30703 0.33293 -0.35856
0.31539 0.35674 -0.33282
0.33560 0.33344 -0.32699
0.27866 0.34591 -0.37404
0.28677 0.37713 -0.34421
0.29713 0.40549 -0.30717
0.32740 0.37877 -0.29863
0.35066 0.34820 -0.29453
0.24299 0.35786 -0.39103
0.25077 0.39410 -0.35875
0.20105 0.36706 -0.40817
0.20829 0.40681 -0.37495
0.21685 0.44445 -0.33423
0.26007 0.42757 -0.31931
0.26995 0.45777 -0.27385
0.30827 0.43096 -0.26426
0.22598 0.47885 -0.28660
0.23308 0.50673 -0.23370
0.27841 0.48322 -0.22405
0.31852 0.45343 -0.21722
0.34050 0.39956 -0.25811
0.36629 0.36420 -0.25544
0.35287 0.41905 -0.21319
0.38084 0.38045 -0.21165
0.15369 0.37313 -0.42449
0.16026 0.41546 -0.39204
0.10198 0.37642 -0.43898
0.10771 0.42066 -0.40882
0.11440 0.46382 -0.37109
0.16813 0.45634 -0.35186
0.04723 0.37743 -0.45095
0.05188 0.42297 -0.42313
-0.00957 0.37574 -0.45865
-0.00592 0.42236 -0.43257
-0.00273 0.46845 -0.39973
0.05672 0.46756 -0.38824
0.06081 0.51119 -0.34445
0.12125 0.50460 -0.32432
-0.00134 0.51411 -0.35806
-0.00435 0.55711 -0.30276
0.05998 0.55014 -0.28837
0.12351 0.53791 -0.26791
0.17654 0.49402 -0.30352
0.18182 0.52353 -0.24811
0.17591 0.54515 -0.19034
0.23239 0.53142 -0.18005
0.11242 0.55673 -0.20336
0.08498 0.55005 -0.13000
0.15122 0.55626 -0.13041
0.21786 0.55587 -0.12870
0.04812 0.57325 -0.21668
-0.01327 0.58769 -0.22655
-0.02112 0.58362 -0.13530
0.02933 0.56523 -0.13077
0.00975 0.51834 -0.04313
0.05086 0.51168 -0.04821
-0.02450 0.53756 -0.04788
-0.02886 0.46148 0.00836
-0.00476 0.44427 0.01343
0.02723 0.44808 0.01762
0.11551 0.54233 -0.05919
0.19489 0.56502 -0.06747
0.08851 0.50353 0.00927
0.17797 0.55747 0.00014
0.36326 0.43771 -0.16561
0.39315 0.39657 -0.16434
0.32618 0.47438 -0.16836
0.32964 0.49696 -0.11946
0.37059 0.45562 -0.11649
0.40252 0.41209 -0.11421
0.28211 0.50701 -0.17294
0.27811 0.53328 -0.12342
0.26919 0.55243 -0.06747
0.32991 0.51766 -0.06669
0.26193 0.55898 -0.00249
0.32887 0.53206 -0.00502
0.37481 0.47201 -0.06468
0.40878 0.42622 -0.06114
0.37632 0.48739 -0.00634
0.41169 0.43894 -0.00428
-0.06685 0.37166 -0.46205
-0.06417 0.41917 -0.43707
-0.12316 0.36481 -0.45947
-0.12158 0.41237 -0.43532
-0.12057 0.46077 -0.40350
-0.06207 0.46676 -0.40477
-0.17708 0.35619 -0.45225
-0.17683 0.40259 -0.42863
-0.22728 0.34617 -0.44037
-0.22851 0.39023 -0.41734
-0.23097 0.43496 -0.38605
-0.17735 0.44993 -0.39678
-0.17956 0.49788 -0.35443
-0.12133 0.50966 -0.36112
-0.23524 0.47986 -0.34474
-0.24193 0.52316 -0.29179
-0.18454 0.54435 -0.29891
-0.12511 0.55674 -0.30491
-0.06197 0.51454 -0.36301
-0.06548 0.56013 -0.30723
-0.27260 0.33526 -0.42491
-0.27532 0.37581 -0.40286
-0.31197 0.32414 -0.40762
-0.31607 0.35965 -0.38703
-0.32316 0.39540 -0.35823
-0.27996 0.41669 -0.37264
-0.34390 0.31377 -0.39072
-0.34952 0.34171 -0.37216
-0.36387 0.30643 -0.37822
-0.37428 0.32091 -0.36087
-0.38880 0.34230 -0.33231
-0.35961 0.37072 -0.34427
-0.37196 0.40030 -0.30824
-0.33240 0.43083 -0.32103
-0.40465 0.36589 -0.29613
-0.42040 0.38872 -0.25348
-0.38500 0.42796 -0.26492
-0.34291 0.46369 -0.27553
-0.28656 0.45725 -0.33339
-0.29507 0.49552 -0.28428
-0.30408 0.52617 -0.22606
-0.24944 0.55644 -0.22755
-0.35343 0.49038 -0.22262
-0.36159 0.50673 -0.16468
-0.30975 0.54141 -0.16322
-0.25245 0.56959 -0.15915
-0.39719 0.45061 -0.21515
-0.43440 0.40819 -0.20513
-0.44569 0.42356 -0.15248
-0.40686 0.46636 -0.16044
-0.41177 0.47575 -0.10252
-0.36483 0.51219 -0.10396
-0.45315 0.43583 -0.09712
-0.45613 0.44759 -0.04073
-0.41003 0.48191 -0.04437
-0.35951 0.50686 -0.04378
-0.31064 0.54290 -0.09965
-0.24882 0.56462 -0.09151
-0.30387 0.52760 -0.03858
-0.23907 0.54249 -0.02804
-0.07175 0.59344 -0.23096
-0.13051 0.59128 -0.23149
-0.12923 0.59697 -0.14869
-0.07237 0.59491 -0.14176
-0.19061 0.57838 -0.22931
-0.19107 0.58885 -0.15423
-0.18273 0.57777 -0.08057
-0.11814 0.57345 -0.06957
-0.16725 0.54377 -0.01483
-0.10249 0.52090 -0.00667
-0.06490 0.55856 -0.05738
-0.05739 0.49098 0.00182
-0.05186 0.42303 0.04214
-0.02818 0.39967 0.05274
-0.08438 0.46724 0.04323
-0.07150 0.43155 0.07906
-0.04282 0.38737 0.07893
-0.02140 0.38086 0.08327
-0.14976 0.49637 0.03736
-0.22699 0.51155 0.02736
-0.21258 0.51539 0.08186
-0.13180 0.47048 0.08210
-0.12587 0.46820 0.12271
-0.07162 0.41982 0.11146
-0.20075 0.52746 0.13285
-0.19940 0.53806 0.19230
-0.13018 0.48638 0.17292
-0.07581 0.43729 0.15451
-0.03541 0.39739 0.10304
-0.01991 0.38544 0.10087
-0.04031 0.41022 0.14264
-0.01506 0.40384 0.13265
-0.29369 0.52041 0.01906
-0.35368 0.51716 0.01397
-0.34487 0.53089 0.07359
-0.28366 0.53486 0.07758
-0.40754 0.49670 0.01298
-0.45453 0.46140 0.01608
-0.44781 0.47646 0.07385
-0.39959 0.51254 0.07137
-0.38824 0.52357 0.13200
-0.33406 0.54070 0.13460
-0.43676 0.48859 0.13311
-0.42290 0.49310 0.19267
-0.37568 0.52667 0.19282
-0.32376 0.54392 0.19582
-0.27315 0.54649 0.13651
-0.26610 0.54984 0.19818
-0.26182 0.54633 0.25847
-0.20362 0.54080 0.25732
-0.31481 0.54078 0.25437
-0.30765 0.53027 0.30713
-0.25945 0.53331 0.31235
-0.20880 0.52515 0.31496
-0.36349 0.52364 0.25062
-0.40788 0.49058 0.24940
-0.39241 0.48297 0.29981
-0.35234 0.51345 0.30203
-0.34393 0.49767 0.34419
-0.30340 0.51152 0.35175
-0.37755 0.47306 0.34036
-0.36678 0.46417 0.36526
-0.34143 0.47494 0.37561
-0.30355 0.48434 0.38844
-0.25869 0.51367 0.35917
-0.21184 0.50534 0.36463
-0.26034 0.48689 0.40032
-0.21405 0.48184 0.41051
-0.04835 0.44331 0.20115
-0.01190 0.44586 0.18442
-0.09021 0.46362 0.22006
-0.10783 0.47965 0.30117
-0.06088 0.48034 0.28478
-0.01510 0.48968 0.26932
-0.14487 0.50563 0.24096
-0.15785 0.50440 0.31115
-0.16231 0.49142 0.36828
-0.11297 0.47487 0.36724
-0.16399 0.47257 0.41842
-0.11413 0.45717 0.41801
-0.06532 0.48953 0.36156
-0.01394 0.50480 0.35177
-0.06484 0.47688 0.42142
-0.01106 0.49301 0.41616
0.37454 0.49777 0.05711
0.41143 0.44879 0.05572
0.32605 0.53583 0.06117
0.32521 0.53032 0.12366
0.37223 0.49849 0.11914
0.40975 0.45234 0.11573
0.25977 0.55246 0.06279
0.17746 0.53949 0.05808
0.18393 0.52769 0.10787
0.26279 0.54188 0.12255
0.26672 0.52368 0.17438
0.32536 0.51349 0.17874
0.19131 0.51413 0.15258
0.19844 0.50189 0.19673
0.26897 0.50051 0.21933
0.32354 0.48847 0.22596
0.37034 0.48693 0.17605
0.40705 0.44581 0.17255
0.36696 0.46515 0.22585
0.40301 0.42938 0.22352
0.08867 0.48138 0.05171
0.02769 0.40748 0.05546
0.03593 0.40774 0.07734
0.09973 0.47667 0.08160
-0.00838 0.39242 0.05627
-0.00210 0.38536 0.08166
0.00095 0.38949 0.09917
0.04105 0.42140 0.09721
0.01052 0.41541 0.12501
0.04839 0.45140 0.12318
0.10751 0.47915 0.11398
0.11696 0.48691 0.15537
0.13060 0.50098 0.21399
0.20393 0.49903 0.24585
0.06412 0.48411 0.18204
0.08382 0.50427 0.26671
0.14519 0.50750 0.28222
0.20785 0.49811 0.29889
0.02063 0.45905 0.17406
0.03117 0.49718 0.26159
0.04055 0.51055 0.34458
0.09746 0.50982 0.34264
0.04560 0.49809 0.40872
0.10288 0.49656 0.40430
0.15449 0.50436 0.34601
0.20983 0.48894 0.35257
0.15899 0.48754 0.40527
0.21180 0.46600 0.40605
0.35895 0.43982 0.26868
0.39352 0.40809 0.26765
0.31720 0.46412 0.26830
0.30927 0.44727 0.31030
0.34866 0.42076 0.30899
0.38073 0.39235 0.30863
0.26672 0.48360 0.26278
0.26266 0.47434 0.30843
0.26007 0.46202 0.35532
0.30407 0.43185 0.35160
0.26016 0.43767 0.40090
0.30280 0.40893 0.38917
0.34064 0.40506 0.34581
0.36826 0.38022 0.34344
0.33745 0.38568 0.37564
0.35906 0.37178 0.36585
-0.34420 0.28366 -0.40057
-0.37022 0.28469 -0.37921
-0.31115 0.28797 -0.42090
-0.31284 0.25007 -0.42853
-0.34798 0.24927 -0.40525
-0.37804 0.25265 -0.37915
-0.27172 0.29478 -0.43981
-0.22694 0.30260 -0.45627
-0.22740 0.25890 -0.46614
-0.27241 0.25366 -0.44884
-0.27422 0.21138 -0.45317
-0.31580 0.21007 -0.43172
-0.22853 0.21449 -0.47091
-0.23023 0.16920 -0.47183
-0.27654 0.16777 -0.45358
-0.31905 0.16813 -0.43119
-0.35272 0.21132 -0.40632
-0.38553 0.21582 -0.37758
-0.35731 0.17072 -0.40440
-0.39218 0.17590 -0.37447
-0.17766 0.31051 -0.46912
-0.12477 0.31787 -0.47751
-0.12633 0.27092 -0.48999
-0.17848 0.26485 -0.47994
-0.06943 0.32424 -0.48125
-0.01301 0.32859 -0.47915
-0.01611 0.28065 -0.49427
-0.07178 0.27644 -0.49501
-0.07406 0.22798 -0.50407
-0.12797 0.22338 -0.49736
-0.01902 0.23185 -0.50446
-0.02187 0.18224 -0.50997
-0.07638 0.17878 -0.50844
-0.12984 0.17515 -0.50050
-0.17966 0.21868 -0.48578
-0.18121 0.17181 -0.48757
-0.18312 0.12437 -0.48631
-0.23236 0.12310 -0.47000
-0.13197 0.12646 -0.50039
-0.13437 0.07760 -0.49774
-0.18534 0.07660 -0.48284
-0.23467 0.07642 -0.46606
-0.07887 0.12916 -0.50938
-0.02478 0.13221 -0.51203
-0.02786 0.08210 -0.51153
-0.08157 0.07948 -0.50766
-0.08452 0.03000 -0.50380
-0.13694 0.02884 -0.49299
-0.03120 0.03219 -0.50890
-0.08452 0.03000 -0.50380
-0.03120 0.03219 -0.50890
-0.03484 -0.01733 -0.50445
-0.08769 -0.01911 -0.49819
-0.13694 0.02884 -0.49299
-0.13965 -0.01962 -0.48656
-0.18775 0.02871 -0.47772
-0.23697 0.02943 -0.46051
-0.18775 0.02871 -0.47772
-0.19021 -0.01905 -0.47119
-0.23697 0.02943 -0.46051
-0.23908 -0.01758 -0.45355
-0.36144 0.12817 -0.40036
-0.39766 0.13376 -0.36987
-0.32211 0.12463 -0.42776
-0.32480 0.07999 -0.42232
-0.36482 0.08417 -0.39469
-0.40185 0.08996 -0.36408
-0.27903 0.12303 -0.45102
-0.28143 0.07744 -0.44630
-0.28359 0.03132 -0.44002
-0.32690 0.03458 -0.41546
-0.28359 0.03132 -0.44002
-0.28522 -0.01498 -0.43238
-0.32690 0.03458 -0.41546
-0.32817 -0.01121 -0.40741
-0.36722 0.03914 -0.38778
-0.40452 0.04495 -0.35724
-0.36722 0.03914 -0.38778
-0.36837 -0.00650 -0.37983
-0.40452 0.04495 -0.35724
-0.40539 -0.00085 -0.34940
0.04303 0.33101 -0.47291
0.09710 0.33123 -0.46261
0.09270 0.28470 -0.48001
0.03921 0.28354 -0.48933
0.14817 0.32945 -0.44945
0.19513 0.32551 -0.43382
0.19022 0.28222 -0.45250
0.14337 0.28431 -0.46777
0.13900 0.23766 -0.48061
0.08862 0.23683 -0.49207
0.18594 0.23724 -0.46568
0.18193 0.19078 -0.47478
0.13491 0.18978 -0.48931
0.08477 0.18793 -0.49998
0.03564 0.23489 -0.50039
0.03222 0.18536 -0.50696
0.23703 0.31925 -0.41590
0.27333 0.31154 -0.39656
0.26992 0.27392 -0.41298
0.23251 0.27848 -0.43409
0.30360 0.30430 -0.37633
0.32773 0.30106 -0.35461
0.33076 0.26857 -0.36289
0.30253 0.27000 -0.38941
0.30174 0.23156 -0.39938
0.26730 0.23341 -0.42485
0.33251 0.23114 -0.37034
0.33269 0.19045 -0.37665
0.30036 0.19013 -0.40703
0.26465 0.19050 -0.43349
0.22876 0.23563 -0.44700
0.22524 0.19092 -0.45612
0.22160 0.14471 -0.46252
0.17798 0.14316 -0.48092
0.26157 0.14572 -0.43981
0.25785 0.09954 -0.44430
0.21761 0.09741 -0.46677
0.17390 0.09477 -0.48471
0.29802 0.14648 -0.41293
0.33128 0.14740 -0.38192
0.32839 0.10258 -0.38626
0.29468 0.10119 -0.41742
0.29032 0.05478 -0.42052
0.25338 0.05246 -0.44705
0.32418 0.05652 -0.38964
0.29032 0.05478 -0.42052
0.32418 0.05652 -0.38964
0.31868 0.00974 -0.39179
0.28487 0.00780 -0.42202
0.25338 0.05246 -0.44705
0.24807 0.00499 -0.44796
0.21313 0.04949 -0.46910
0.16949 0.04602 -0.48639
0.21313 0.04949 -0.46910
0.20799 0.00140 -0.46941
0.16949 0.04602 -0.48639
0.16455 -0.00271 -0.48596
0.02885 0.13535 -0.51028
0.08101 0.13834 -0.50457
0.07719 0.08843 -0.50651
0.02539 0.08517 -0.51103
0.13094 0.14100 -0.49484
0.12692 0.09171 -0.49782
0.12264 0.04228 -0.49859
0.07315 0.03856 -0.50623
0.12264 0.04228 -0.49859
0.11795 -0.00696 -0.49728
0.07315 0.03856 -0.50623
0.06874 -0.01101 -0.50398
0.02167 0.03513 -0.50964
0.02167 0.03513 -0.50964
0.01761 -0.01454 -0.50632
0.01321 -0.06368 -0.50102
-0.03875 -0.06632 -0.49817
0.06392 -0.06008 -0.49966
0.05878 -0.10856 -0.49308
0.00858 -0.11225 -0.49360
-0.04282 -0.11474 -0.48989
0.11274 -0.05575 -0.49381
0.15899 -0.05109 -0.48330
0.15287 -0.09887 -0.47827
0.10710 -0.10394 -0.48799
0.10123 -0.15143 -0.47954
0.05349 -0.15642 -0.48396
0.14642 -0.14587 -0.47061
0.13999 -0.19195 -0.46008
0.09546 -0.19823 -0.46824
0.04833 -0.20376 -0.47215
0.00388 -0.16026 -0.48383
-0.04691 -0.16257 -0.47929
-0.00071 -0.20779 -0.47144
-0.05088 -0.20981 -0.46609
0.20210 -0.04648 -0.46754
0.24182 -0.04239 -0.44681
0.23474 -0.08923 -0.44345
0.19551 -0.09378 -0.46333
0.27833 -0.03921 -0.42166
0.31189 -0.03719 -0.39237
0.30387 -0.08372 -0.39118
0.27076 -0.08576 -0.41929
0.26237 -0.13132 -0.41488
0.22704 -0.13513 -0.43780
0.29475 -0.12928 -0.38818
0.28473 -0.17324 -0.38341
0.25348 -0.17534 -0.40841
0.21912 -0.17966 -0.42974
0.18845 -0.14021 -0.45660
0.18132 -0.18549 -0.44716
0.17469 -0.22934 -0.43488
0.13412 -0.23703 -0.44654
0.21153 -0.22231 -0.41918
0.20505 -0.26246 -0.40602
0.16928 -0.27142 -0.41962
0.12942 -0.28097 -0.42995
0.24457 -0.21710 -0.39986
0.27415 -0.21479 -0.37703
0.26348 -0.25278 -0.36942
0.23640 -0.25566 -0.38935
0.23023 -0.28966 -0.37696
0.20081 -0.29944 -0.39011
0.25353 -0.28532 -0.36137
0.24634 -0.30702 -0.35499
0.22837 -0.31777 -0.36193
0.20014 -0.33308 -0.37087
0.16599 -0.31145 -0.40133
0.12663 -0.32369 -0.41028
0.16573 -0.34947 -0.37961
0.12639 -0.36517 -0.38720
-0.00499 -0.25496 -0.45635
-0.05465 -0.25667 -0.45044
0.04358 -0.25066 -0.45746
0.03963 -0.29722 -0.43993
-0.00877 -0.30196 -0.43874
-0.05823 -0.30350 -0.43279
0.09021 -0.24437 -0.45397
0.08599 -0.28987 -0.43670
0.08333 -0.33466 -0.41635
0.03683 -0.34343 -0.41949
0.08267 -0.37868 -0.39263
0.03538 -0.38914 -0.39567
-0.01187 -0.34895 -0.41871
-0.06164 -0.35069 -0.41335
-0.01433 -0.39607 -0.39587
-0.06519 -0.39879 -0.39196
-0.36814 -0.05230 -0.37103
-0.40445 -0.04701 -0.34079
-0.32849 -0.05699 -0.39834
-0.32799 -0.10233 -0.38845
-0.36671 -0.09778 -0.36160
-0.40193 -0.09298 -0.33174
-0.28621 -0.06112 -0.42348
-0.24084 -0.06433 -0.44520
-0.24217 -0.11052 -0.43534
-0.28658 -0.10673 -0.41338
-0.28657 -0.15151 -0.40222
-0.32692 -0.14682 -0.37790
-0.24323 -0.15591 -0.42403
-0.24428 -0.20040 -0.41136
-0.28650 -0.19517 -0.39005
-0.32556 -0.19000 -0.36672
-0.36433 -0.14237 -0.35173
-0.39800 -0.13812 -0.32241
-0.36122 -0.18546 -0.34146
-0.39288 -0.18170 -0.31298
-0.19258 -0.06645 -0.46318
-0.14244 -0.06763 -0.47858
-0.14523 -0.11507 -0.46896
-0.19476 -0.11330 -0.45358
-0.09103 -0.06771 -0.49089
-0.09445 -0.11572 -0.48168
-0.09783 -0.16303 -0.47026
-0.14797 -0.16183 -0.45751
-0.10114 -0.20973 -0.45661
-0.15073 -0.20796 -0.44428
-0.19678 -0.15943 -0.44233
-0.19881 -0.20481 -0.42944
-0.20112 -0.24955 -0.41502
-0.24567 -0.24390 -0.39728
-0.15366 -0.25369 -0.42945
-0.15694 -0.29929 -0.41300
-0.20393 -0.29379 -0.39878
-0.24776 -0.28646 -0.38148
-0.10447 -0.25609 -0.44109
-0.10797 -0.30255 -0.42416
-0.11171 -0.34949 -0.40554
-0.16073 -0.34509 -0.39444
-0.11600 -0.39742 -0.38452
-0.16531 -0.39154 -0.37279
-0.20747 -0.33776 -0.38011
-0.25091 -0.32821 -0.36334
-0.21212 -0.38196 -0.35823
-0.25548 -0.36949 -0.34183
-0.35777 -0.22629 -0.33076
-0.38688 -0.22284 -0.30365
-0.32434 -0.23139 -0.35480
-0.32374 -0.27043 -0.34173
-0.35454 -0.26396 -0.31948
-0.38042 -0.26041 -0.29468
-0.28676 -0.23749 -0.37680
-0.28784 -0.27826 -0.36210
-0.29020 -0.31740 -0.34518
-0.32442 -0.30654 -0.32652
-0.29424 -0.35502 -0.32471
-0.32713 -0.33949 -0.30748
-0.35237 -0.29715 -0.30700
-0.37405 -0.29254 -0.28652
-0.35305 -0.32452 -0.29156
-0.36913 -0.31388 -0.28064
-0.35862 -0.34769 -0.26946
-0.37816 -0.32412 -0.26247
-0.33234 -0.36999 -0.28246
-0.33993 -0.39968 -0.25033
-0.36812 -0.37081 -0.23938
-0.39097 -0.33960 -0.23354
-0.29992 -0.39144 -0.29875
-0.26165 -0.41086 -0.31576
-0.26892 -0.45243 -0.28275
-0.30676 -0.42705 -0.26550
-0.31435 -0.46250 -0.22453
-0.34896 -0.42964 -0.21092
-0.27628 -0.49378 -0.24031
-0.28165 -0.53280 -0.18803
-0.32004 -0.49601 -0.17475
-0.35700 -0.45891 -0.16338
-0.37933 -0.39502 -0.20160
-0.40485 -0.35776 -0.19710
-0.39001 -0.41974 -0.15619
-0.41787 -0.37726 -0.15351
-0.21840 -0.42720 -0.33207
-0.17144 -0.43963 -0.34706
-0.18041 -0.49098 -0.31505
-0.22652 -0.47424 -0.29949
-0.12168 -0.44714 -0.35970
-0.06955 -0.44829 -0.36719
-0.07618 -0.49981 -0.33573
-0.13038 -0.50013 -0.32798
-0.14311 -0.55825 -0.28302
-0.19231 -0.54624 -0.27027
-0.08631 -0.55488 -0.29339
-0.09696 -0.61411 -0.23629
-0.15611 -0.62123 -0.22108
-0.20343 -0.60259 -0.20999
-0.23569 -0.52270 -0.25594
-0.24337 -0.56975 -0.20014
-0.24163 -0.60326 -0.13683
-0.28098 -0.56386 -0.12820
-0.19947 -0.63707 -0.14351
-0.18192 -0.63769 -0.08181
-0.22459 -0.61107 -0.07223
-0.26913 -0.58360 -0.06220
-0.15016 -0.65646 -0.15395
-0.09282 -0.65425 -0.17113
-0.07971 -0.65002 -0.11272
-0.13333 -0.65107 -0.09473
-0.11888 -0.62965 -0.03932
-0.16499 -0.62793 -0.02210
-0.06575 -0.63567 -0.05484
-0.05902 -0.60643 -0.00113
-0.11219 -0.61233 0.02045
-0.15849 -0.63216 0.04051
-0.21038 -0.61896 -0.00627
-0.25982 -0.61320 0.00693
-0.20751 -0.64223 0.05882
-0.25807 -0.63812 0.07451
-0.39846 -0.44383 -0.10465
-0.42871 -0.39681 -0.10388
-0.36208 -0.48629 -0.10928
-0.36290 -0.51142 -0.05019
-0.40283 -0.46434 -0.04906
-0.43571 -0.41358 -0.04990
-0.32122 -0.52516 -0.11760
-0.31641 -0.55164 -0.05411
-0.31148 -0.58377 0.01615
-0.35969 -0.53601 0.01774
-0.30814 -0.60671 0.08585
-0.35571 -0.55214 0.08602
-0.40188 -0.47975 0.01213
-0.43710 -0.42326 0.00617
-0.39862 -0.48900 0.07544
-0.43549 -0.42716 0.06281
-0.01666 -0.44363 -0.36951
0.03508 -0.43452 -0.36808
0.03527 -0.47953 -0.33555
-0.01995 -0.49193 -0.33791
0.08413 -0.42185 -0.36476
0.12907 -0.40555 -0.35999
0.13452 -0.44502 -0.32763
0.08731 -0.46414 -0.33165
0.09153 -0.50603 -0.29314
0.03507 -0.52396 -0.29693
0.14207 -0.48443 -0.28989
0.15051 -0.52560 -0.24807
0.09576 -0.54872 -0.25101
0.03407 -0.56672 -0.25203
-0.02522 -0.54094 -0.29832
-0.03109 -0.58997 -0.24920
0.16905 -0.38590 -0.35366
0.20395 -0.36421 -0.34706
0.21202 -0.39416 -0.31751
0.17591 -0.42134 -0.32252
0.23311 -0.34151 -0.34140
0.25553 -0.31759 -0.33870
0.26895 -0.33312 -0.31213
0.24298 -0.36463 -0.31372
0.25599 -0.38795 -0.27904
0.22333 -0.42360 -0.28161
0.28441 -0.35064 -0.27832
0.30100 -0.36883 -0.23790
0.27080 -0.41092 -0.23752
0.23657 -0.45246 -0.23916
0.18567 -0.45647 -0.28560
0.19695 -0.49227 -0.24323
0.20713 -0.52920 -0.19659
0.15688 -0.56901 -0.20337
0.24970 -0.48071 -0.19081
0.26026 -0.50762 -0.13844
0.21380 -0.56455 -0.14691
0.15955 -0.61130 -0.15603
0.28591 -0.43278 -0.18943
0.31759 -0.38682 -0.19116
0.33249 -0.40418 -0.13868
0.29899 -0.45334 -0.13617
0.30849 -0.47163 -0.07925
0.26679 -0.52872 -0.08221
0.34403 -0.42026 -0.08154
0.35025 -0.43348 -0.02098
0.31292 -0.48436 -0.01885
0.26909 -0.53861 -0.02074
0.21677 -0.58950 -0.09154
0.16051 -0.64301 -0.10218
0.21732 -0.59383 -0.02821
0.16120 -0.64174 -0.03776
-0.03074 -0.62956 -0.19208
0.03353 -0.60139 -0.20044
0.03731 -0.62933 -0.14888
-0.02259 -0.64006 -0.13375
0.09825 -0.59194 -0.20658
0.09899 -0.63370 -0.15901
0.10149 -0.66190 -0.10385
0.04342 -0.64664 -0.09124
0.10431 -0.65249 -0.03690
0.04911 -0.64164 -0.02625
-0.01132 -0.63576 -0.07428
-0.00159 -0.62827 -0.01222
0.00309 -0.62376 0.05598
-0.05588 -0.60832 0.06895
0.05166 -0.63928 0.04450
0.05258 -0.64700 0.11785
-0.00256 -0.63260 0.12404
-0.05780 -0.62497 0.13302
0.10608 -0.64053 0.03791
0.16246 -0.62527 0.03801
0.16559 -0.62153 0.11521
0.10938 -0.64694 0.11550
0.11105 -0.65798 0.18690
0.05021 -0.66330 0.18803
0.16563 -0.61888 0.18502
0.16001 -0.59910 0.24573
0.10550 -0.63415 0.25113
0.04551 -0.64537 0.25392
-0.00904 -0.64638 0.19055
-0.06427 -0.62926 0.19601
-0.01413 -0.63332 0.25552
-0.07056 -0.61624 0.25740
0.21826 -0.58768 0.04267
0.26902 -0.54010 0.04506
0.26697 -0.53842 0.11140
0.21880 -0.58259 0.11442
0.31291 -0.49119 0.04409
0.35105 -0.44269 0.04124
0.34710 -0.44781 0.10307
0.30952 -0.49318 0.10717
0.30237 -0.49054 0.16736
0.26153 -0.53290 0.17391
0.33874 -0.44834 0.16225
0.32659 -0.44440 0.21647
0.29196 -0.48303 0.22196
0.25279 -0.52143 0.22962
0.21591 -0.57564 0.18040
0.20883 -0.56001 0.23803
0.19941 -0.53522 0.28724
0.15161 -0.56474 0.29728
0.24200 -0.50370 0.27751
0.23069 -0.48076 0.31769
0.18955 -0.50448 0.32824
0.14309 -0.52517 0.33922
0.27938 -0.47094 0.26935
0.31204 -0.43688 0.26402
0.29644 -0.42664 0.30414
0.26627 -0.45488 0.30913
0.25489 -0.43577 0.34086
0.22095 -0.45395 0.35033
0.28131 -0.41506 0.33578
0.27019 -0.40555 0.35509
0.24860 -0.41360 0.36418
0.21513 -0.42381 0.37638
0.18078 -0.47025 0.36161
0.13553 -0.48396 0.37296
0.17504 -0.43375 0.38912
0.13024 -0.44222 0.40115
-0.01886 -0.59693 0.31288
-0.07415 -0.58599 0.31253
0.03970 -0.60023 0.31164
0.03634 -0.54919 0.35606
-0.02002 -0.54961 0.35863
-0.07406 -0.54428 0.35882
0.09817 -0.58903 0.30638
0.09172 -0.54088 0.34913
0.08604 -0.49385 0.38281
0.03354 -0.49938 0.39022
0.08199 -0.44828 0.41143
0.03151 -0.45151 0.41932
-0.02001 -0.50057 0.39458
-0.07215 -0.49709 0.39588
-0.01969 -0.45180 0.42458
-0.07001 -0.44861 0.42687
-0.39465 -0.48621 0.13235
-0.43148 -0.42399 0.11728
-0.35310 -0.55051 0.14562
-0.35040 -0.53193 0.19438
-0.38980 -0.47298 0.18087
-0.42552 -0.41433 0.16662
-0.30720 -0.60929 0.14880
-0.25879 -0.64613 0.13848
-0.26098 -0.62996 0.19726
-0.30769 -0.58747 0.20158
-0.30658 -0.55445 0.24367
-0.34663 -0.50629 0.23548
-0.26359 -0.59389 0.24476
-0.26231 -0.55450 0.28251
-0.30335 -0.51959 0.27937
-0.34142 -0.47803 0.27135
-0.38375 -0.45407 0.22323
-0.41787 -0.40064 0.21108
-0.37657 -0.43270 0.26125
-0.40867 -0.38512 0.25149
-0.20860 -0.65689 0.12215
-0.15791 -0.64130 0.10414
-0.16066 -0.64546 0.16721
-0.21223 -0.64815 0.18415
-0.10987 -0.61872 0.08504
-0.11142 -0.62800 0.14737
-0.11741 -0.62252 0.20786
-0.16824 -0.62380 0.22334
-0.12282 -0.60535 0.26427
-0.17166 -0.59562 0.27328
-0.21736 -0.61779 0.23728
-0.21828 -0.57988 0.28003
-0.21709 -0.54056 0.31776
-0.25954 -0.51576 0.31654
-0.17211 -0.55950 0.31667
-0.17064 -0.51895 0.35598
-0.21474 -0.50029 0.35326
-0.25609 -0.47757 0.34922
-0.12488 -0.57409 0.31415
-0.12396 -0.53377 0.35781
-0.12136 -0.48852 0.39455
-0.16774 -0.47559 0.39128
-0.11835 -0.44150 0.42622
-0.16440 -0.43064 0.42299
-0.21148 -0.45907 0.38665
-0.25242 -0.43942 0.38053
-0.20806 -0.41655 0.41746
-0.24914 -0.39992 0.40960
-0.36885 -0.41112 0.29623
-0.39825 -0.36949 0.28834
-0.33559 -0.44966 0.30456
-0.32975 -0.42184 0.33561
-0.36084 -0.38991 0.32785
-0.38714 -0.35481 0.32133
-0.29904 -0.48490 0.31191
-0.29453 -0.45112 0.34315
-0.29027 -0.41726 0.37259
-0.32437 -0.39342 0.36349
-0.28710 -0.38157 0.39941
-0.32113 -0.36280 0.38770
-0.35362 -0.36860 0.35490
-0.37626 -0.34187 0.34901
-0.34976 -0.34537 0.37595
-0.36792 -0.33271 0.36671
-0.40457 0.43569 0.34324
-0.37918 0.43513 0.37489
-0.42715 0.43972 0.30170
-0.45591 0.38723 0.30706
-0.42776 0.38699 0.35101
-0.39530 0.38853 0.38780
-0.44707 0.44358 0.25161
-0.46431 0.44376 0.19593
-0.49838 0.38674 0.20142
-0.47915 0.38776 0.25646
-0.50368 0.32953 0.26311
-0.47796 0.33022 0.31452
-0.52432 0.32831 0.20818
-0.54205 0.26995 0.21551
-0.52045 0.27063 0.27046
-0.49354 0.27123 0.32253
-0.44687 0.33132 0.36087
-0.41067 0.33337 0.40145
-0.46099 0.27230 0.37046
-0.42298 0.27418 0.41328
-0.47884 0.43864 0.13774
-0.48926 0.42865 0.07933
-0.52321 0.37569 0.08615
-0.51333 0.38271 0.14406
-0.49460 0.41645 0.02183
-0.49412 0.40408 -0.03456
-0.52495 0.35649 -0.02732
-0.52729 0.36665 0.02882
-0.55236 0.31475 0.03636
-0.54921 0.32107 0.09356
-0.54875 0.30691 -0.01962
-0.56555 0.25610 -0.01170
-0.56996 0.26190 0.04421
-0.56734 0.26596 0.10129
-0.53966 0.32564 0.15121
-0.55790 0.26856 0.15875
-0.56878 0.21153 0.16624
-0.55280 0.21177 0.22270
-0.57814 0.21054 0.10906
-0.58296 0.15472 0.11637
-0.57368 0.15450 0.17310
-0.55794 0.15386 0.22901
-0.58058 0.20828 0.05212
-0.57610 0.20429 -0.00383
-0.58119 0.15149 0.00366
-0.58536 0.15389 0.05964
-0.58554 0.09883 0.06628
-0.58294 0.09856 0.12265
-0.58191 0.09775 0.01035
-0.58554 0.09883 0.06628
-0.58191 0.09775 0.01035
-0.57919 0.04311 0.01592
-0.58210 0.04320 0.07164
-0.58294 0.09856 0.12265
-0.57922 0.04223 0.12749
-0.57383 0.09753 0.17873
-0.55844 0.09634 0.23377
-0.57383 0.09753 0.17873
-0.57021 0.04078 0.18272
-0.55844 0.09634 0.23377
-0.55523 0.03938 0.23670
-0.47013 0.21273 0.37801
-0.43139 0.21431 0.42173
-0.50348 0.21195 0.32968
-0.50851 0.15319 0.33484
-0.47509 0.15370 0.38290
-0.43630 0.15483 0.42676
-0.53096 0.21176 0.27751
-0.53616 0.15330 0.28323
-0.53709 0.09545 0.28707
-0.50981 0.09508 0.33780
-0.53709 0.09545 0.28707
-0.53435 0.03835 0.28882
-0.50981 0.09508 0.33780
-0.50748 0.03777 0.33833
-0.47666 0.09523 0.38514
-0.43818 0.09572 0.42861
-0.47666 0.09523 0.38514
-0.47486 0.03749 0.38462
-0.43818 0.09572 0.42861
-0.43702 0.03717 0.42730
-0.48834 0.39195 -0.08987
-0.47829 0.37912 -0.14364
-0.50495 0.33353 -0.13494
-0.51704 0.34555 -0.08201
-0.46500 0.36448 -0.19497
-0.44891 0.34743 -0.24268
-0.47139 0.30505 -0.23310
-0.48955 0.32005 -0.18556
-0.50871 0.27494 -0.17697
-0.52579 0.28700 -0.12658
-0.48878 0.26173 -0.22463
-0.50180 0.21735 -0.21697
-0.52297 0.22899 -0.16906
-0.54113 0.23953 -0.11862
-0.53932 0.29762 -0.07399
-0.55545 0.24858 -0.06604
-0.43060 0.32857 -0.28558
-0.41123 0.30990 -0.32295
-0.42846 0.27387 -0.31559
-0.45082 0.28916 -0.27664
-0.39136 0.29411 -0.35417
-0.40441 0.26110 -0.34964
-0.41519 0.22388 -0.34557
-0.44203 0.23498 -0.30942
-0.42392 0.18373 -0.34106
-0.45240 0.19380 -0.30347
-0.46641 0.24802 -0.26892
-0.47811 0.20531 -0.26185
-0.48642 0.16111 -0.25507
-0.51099 0.17180 -0.20991
-0.45974 0.15073 -0.29715
-0.46467 0.10610 -0.29055
-0.49200 0.11550 -0.24857
-0.51695 0.12501 -0.20341
-0.43057 0.14140 -0.33572
-0.43514 0.09739 -0.32947
-0.43776 0.05208 -0.32247
-0.46758 0.06013 -0.28386
-0.43776 0.05208 -0.32247
-0.43841 0.00578 -0.31489
-0.46758 0.06013 -0.28386
-0.46839 0.01299 -0.27704
-0.49525 0.06855 -0.24238
-0.52016 0.07688 -0.19746
-0.49525 0.06855 -0.24238
-0.49615 0.02030 -0.23637
-0.52016 0.07688 -0.19746
-0.52089 0.02739 -0.19204
-0.56590 0.19849 -0.05831
-0.55143 0.19108 -0.11108
-0.55720 0.14146 -0.10407
-0.57146 0.14734 -0.05103
-0.53288 0.18204 -0.16176
-0.53892 0.13392 -0.15507
-0.54168 0.08447 -0.14905
-0.55933 0.09060 -0.09780
-0.54168 0.08447 -0.14905
-0.54175 0.03364 -0.14379
-0.55933 0.09060 -0.09780
-0.55846 0.03840 -0.09244
-0.57284 0.09502 -0.04450
-0.57284 0.09502 -0.04450
-0.57103 0.04154 -0.03898
-0.56659 -0.01306 -0.03460
-0.57368 -0.01239 0.02017
-0.55498 -0.01512 -0.08800
-0.54873 -0.06987 -0.08420
-0.55933 -0.06876 -0.03113
-0.56539 -0.06868 0.02327
-0.53918 -0.01862 -0.13916
-0.51898 -0.02345 -0.18692
-0.51416 -0.07539 -0.18183
-0.53377 -0.07211 -0.13489
-0.52501 -0.12657 -0.13055
-0.53904 -0.12575 -0.08048
-0.50604 -0.12793 -0.17651
-0.49455 -0.18050 -0.17088
-0.51244 -0.18177 -0.12561
-0.52538 -0.18283 -0.07592
-0.54860 -0.12554 -0.02790
-0.55363 -0.12581 0.02595
-0.53385 -0.18371 -0.02365
-0.53787 -0.18424 0.02972
-0.49460 -0.02909 -0.23042
-0.46691 -0.03504 -0.27000
-0.46303 -0.08344 -0.26273
-0.49022 -0.07925 -0.22426
-0.43704 -0.04111 -0.30684
-0.43367 -0.08806 -0.29848
-0.42836 -0.13437 -0.28996
-0.45665 -0.13154 -0.25528
-0.42133 -0.17927 -0.28156
-0.44790 -0.17855 -0.24793
-0.48290 -0.12953 -0.21789
-0.47259 -0.17920 -0.21141
-0.45957 -0.22753 -0.20523
-0.47962 -0.23245 -0.16488
-0.43706 -0.22367 -0.24120
-0.42426 -0.26605 -0.23578
-0.44409 -0.27378 -0.20007
-0.46177 -0.28302 -0.15911
-0.41285 -0.22189 -0.27372
-0.40312 -0.26118 -0.26701
-0.39197 -0.29574 -0.26252
-0.40919 -0.30484 -0.23273
-0.42607 -0.31734 -0.19694
-0.44135 -0.33150 -0.15484
-0.51502 -0.24371 -0.01716
-0.51806 -0.24446 0.03596
-0.50768 -0.24127 -0.06962
-0.48637 -0.30014 -0.06190
-0.49233 -0.30481 -0.00874
-0.49430 -0.30597 0.04446
-0.49603 -0.23737 -0.11959
-0.47625 -0.29245 -0.11281
-0.45394 -0.34587 -0.10694
-0.46252 -0.35802 -0.05460
-0.46637 -0.36525 -0.00024
-0.46678 -0.36721 0.05365
-0.46983 -0.01927 0.38161
-0.43297 -0.02050 0.42318
-0.50166 -0.01851 0.33658
-0.49257 -0.07349 0.33300
-0.46186 -0.07467 0.37658
-0.42627 -0.07675 0.41667
-0.52802 -0.01780 0.28847
-0.54862 -0.01686 0.23774
-0.53858 -0.07222 0.23713
-0.51824 -0.07282 0.28640
-0.50520 -0.12653 0.28336
-0.48054 -0.12685 0.32832
-0.52507 -0.12668 0.23564
-0.50813 -0.18035 0.23456
-0.48912 -0.17886 0.28050
-0.46594 -0.17824 0.32349
-0.45133 -0.12816 0.37018
-0.41724 -0.13082 0.40822
-0.43866 -0.17916 0.36317
-0.40685 -0.18200 0.39887
-0.56340 -0.01558 0.18495
-0.57252 -0.01412 0.13072
-0.56281 -0.07041 0.13244
-0.55342 -0.07143 0.18564
-0.57582 -0.01289 0.07554
-0.56673 -0.06934 0.07808
-0.55414 -0.12629 0.08003
-0.54961 -0.12672 0.13347
-0.53754 -0.18420 0.08299
-0.53251 -0.18346 0.13533
-0.53991 -0.12684 0.18553
-0.52268 -0.18207 0.18603
-0.50171 -0.23732 0.18851
-0.48783 -0.23330 0.23516
-0.51147 -0.24095 0.13945
-0.48653 -0.29889 0.14617
-0.47708 -0.29238 0.19355
-0.46435 -0.28530 0.23814
-0.51693 -0.24349 0.08841
-0.49238 -0.30377 0.09632
-0.46390 -0.36397 0.10578
-0.45780 -0.35663 0.15512
-0.44903 -0.34681 0.20108
-0.43792 -0.33597 0.24362
-0.42444 -0.22704 0.35652
-0.39601 -0.22962 0.38953
-0.44914 -0.22730 0.31958
-0.43043 -0.27350 0.31746
-0.40940 -0.27104 0.35124
-0.38535 -0.27265 0.38076
-0.47022 -0.22967 0.27898
-0.44873 -0.27866 0.27959
-0.42477 -0.32535 0.28268
-0.40993 -0.31614 0.31782
-0.39363 -0.30978 0.34815
-0.37531 -0.30897 0.37265
0.34055 0.35693 0.39856
0.36767 0.34881 0.37577
0.30523 0.37495 0.42053
0.30961 0.33121 0.44468
0.34685 0.31821 0.41738
0.37808 0.31249 0.38846
0.26274 0.39892 0.43990
0.21508 0.42539 0.45340
0.21864 0.37118 0.48802
0.26632 0.34945 0.46896
0.26919 0.29463 0.48926
0.31370 0.28149 0.46278
0.22066 0.31070 0.51082
0.22066 0.24901 0.52665
0.27029 0.23749 0.50408
0.31612 0.22797 0.47687
0.35312 0.27239 0.43316
0.38734 0.26813 0.40080
0.35752 0.22119 0.44606
0.39415 0.21753 0.41152
0.16283 0.45030 0.45938
0.10673 0.46619 0.46036
0.11176 0.41259 0.50659
0.16710 0.39409 0.50044
0.04880 0.47032 0.46294
-0.00879 0.46496 0.46876
-0.00529 0.42023 0.51535
0.05362 0.42254 0.51047
0.05668 0.35210 0.54479
0.11399 0.34287 0.53736
-0.00218 0.35220 0.55012
-0.00324 0.28256 0.57110
0.05552 0.27970 0.56571
0.11286 0.27229 0.55693
0.16886 0.32792 0.52672
0.16807 0.26133 0.54424
0.16521 0.19602 0.55590
0.21855 0.18693 0.53795
0.10966 0.20443 0.56924
0.10508 0.13808 0.57649
0.16070 0.13113 0.56322
0.21437 0.12382 0.54531
0.05245 0.21107 0.57856
-0.00589 0.21564 0.58401
-0.00966 0.14923 0.59087
0.04815 0.14417 0.58571
0.04255 0.07746 0.58782
0.09898 0.07184 0.57899
-0.01459 0.08245 0.59241
0.04255 0.07746 0.58782
-0.01459 0.08245 0.59241
-0.02070 0.01529 0.58919
0.03543 0.01047 0.58471
0.09898 0.07184 0.57899
0.09087 0.00524 0.57562
0.15421 0.06569 0.56568
0.20754 0.05924 0.54746
0.15421 0.06569 0.56568
0.14519 -0.00034 0.56196
0.20754 0.05924 0.54746
0.19796 -0.00616 0.54393
0.35881 0.16516 0.45570
0.39736 0.16161 0.41972
0.31602 0.17087 0.48759
0.31282 0.11024 0.49435
0.35648 0.10488 0.46170
0.39585 0.10104 0.42458
0.26917 0.17832 0.51526
0.26534 0.11672 0.52237
0.25845 0.05283 0.52444
0.30640 0.04680 0.49667
0.25845 0.05283 0.52444
0.24867 -0.01205 0.52142
0.30640 0.04680 0.49667
0.29677 -0.01783 0.49434
0.35075 0.04150 0.46409
0.39087 0.03731 0.42675
0.35075 0.04150 0.46409
0.34167 -0.02325 0.46259
0.39087 0.03731 0.42675
0.38244 -0.02790 0.42585
-0.06383 0.44979 0.47248
-0.11644 0.43537 0.46646
-0.11755 0.39749 0.51239
-0.06255 0.40468 0.51658
-0.16693 0.44153 0.46294
-0.21758 0.44747 0.45194
-0.22265 0.40057 0.48695
-0.17140 0.39901 0.50205
-0.17520 0.34559 0.53178
-0.11941 0.34477 0.54404
-0.22838 0.34514 0.51468
-0.23355 0.28527 0.53545
-0.17865 0.28604 0.55387
-0.12144 0.28509 0.56631
-0.06154 0.34500 0.55041
-0.06264 0.28321 0.57175
-0.26482 0.44922 0.43668
-0.30866 0.44628 0.41899
-0.31714 0.39757 0.44542
-0.27146 0.40072 0.46809
-0.34748 0.44000 0.39875
-0.35855 0.39252 0.41876
-0.37048 0.33681 0.43690
-0.32642 0.34068 0.46738
-0.38070 0.27694 0.45104
-0.33481 0.28010 0.48392
-0.27883 0.34350 0.49313
-0.28566 0.28310 0.51207
-0.29124 0.22145 0.52492
-0.23780 0.22291 0.54925
-0.34148 0.21912 0.49533
-0.34580 0.15783 0.50133
-0.29500 0.15895 0.53143
-0.24091 0.15925 0.55565
-0.38828 0.21655 0.46081
-0.39301 0.15632 0.46629
-0.39509 0.09622 0.46793
-0.34788 0.09642 0.50270
-0.39509 0.09622 0.46793
-0.39448 0.03648 0.46591
-0.34788 0.09642 0.50270
-0.34774 0.03520 0.49986
-0.29701 0.09607 0.53233
-0.24306 0.09494 0.55604
-0.29701 0.09607 0.53233
-0.29740 0.03322 0.52851
-0.24306 0.09494 0.55604
-0.24444 0.03057 0.55175
-0.06486 0.21894 0.58446
-0.12370 0.22161 0.57914
-0.12651 0.15640 0.58514
-0.06807 0.15328 0.59080
-0.18169 0.22305 0.56758
-0.18440 0.15843 0.57361
-0.18707 0.09300 0.57390
-0.12988 0.09027 0.58595
-0.18707 0.09300 0.57390
-0.18969 0.02735 0.56979
-0.12988 0.09027 0.58595
-0.13374 0.02372 0.58233
-0.07220 0.08674 0.59198
-0.07220 0.08674 0.59198
-0.07721 0.01971 0.58867
-0.08302 -0.04706 0.58048
-0.02797 -0.05159 0.58077
-0.13801 -0.04246 0.57442
-0.14228 -0.10707 0.56182
-0.08922 -0.11234 0.56752
-0.03593 -0.11706 0.56769
-0.19231 -0.03775 0.56203
-0.24523 -0.03311 0.54378
-0.24566 -0.09514 0.53272
-0.19465 -0.10118 0.55004
-0.19669 -0.16207 0.53446
-0.14654 -0.16929 0.54577
-0.24560 -0.15454 0.51828
-0.24528 -0.21076 0.50107
-0.19866 -0.21989 0.51620
-0.15067 -0.22831 0.52650
-0.09552 -0.17523 0.55089
-0.04406 -0.18010 0.55067
-0.10158 -0.23501 0.53100
-0.05178 -0.24011 0.53041
-0.29645 -0.02887 0.52077
-0.34537 -0.02527 0.49303
-0.34165 -0.08414 0.48348
-0.29481 -0.08933 0.51040
-0.39123 -0.02246 0.46050
-0.38569 -0.07987 0.45219
-0.37882 -0.13496 0.44205
-0.33722 -0.14059 0.47198
-0.37135 -0.18699 0.43076
-0.33243 -0.19386 0.45866
-0.29267 -0.14726 0.49749
-0.29013 -0.20192 0.48198
-0.28771 -0.25287 0.46439
-0.24516 -0.26348 0.48167
-0.32764 -0.24324 0.44360
-0.32344 -0.28811 0.42686
-0.28601 -0.29981 0.44488
-0.24559 -0.31248 0.46007
-0.36386 -0.23522 0.41867
-0.35685 -0.27862 0.40574
-0.35143 -0.31585 0.39186
-0.32092 -0.32800 0.40844
-0.28566 -0.34265 0.42338
-0.24684 -0.35785 0.43613
-0.10702 -0.29123 0.50810
-0.05854 -0.29662 0.50731
-0.15450 -0.28373 0.50429
-0.15797 -0.33555 0.47941
-0.11160 -0.34394 0.48269
-0.06386 -0.34970 0.48201
-0.20066 -0.27418 0.49531
-0.20277 -0.32483 0.47185
-0.20515 -0.37207 0.44586
-0.16118 -0.38424 0.45223
-0.11524 -0.39362 0.45527
-0.06754 -0.39993 0.45512
0.32903 -0.08702 0.45661
0.37046 -0.09221 0.42145
0.28400 -0.08155 0.48704
0.26961 -0.14285 0.47628
0.31430 -0.14810 0.44741
0.35570 -0.15348 0.41396
0.23621 -0.07614 0.51321
0.18611 -0.07086 0.53515
0.17313 -0.13362 0.52246
0.22239 -0.13802 0.50120
0.20855 -0.19703 0.48679
0.25493 -0.20095 0.46334
0.16012 -0.19371 0.50689
0.14809 -0.25061 0.48908
0.19565 -0.25261 0.47049
0.24098 -0.25521 0.44878
0.29878 -0.20549 0.43611
0.33949 -0.21051 0.40452
0.28355 -0.25857 0.42349
0.32282 -0.26266 0.39396
0.13423 -0.06579 0.55305
0.08100 -0.06091 0.56681
0.07013 -0.12548 0.55354
0.12223 -0.12949 0.53996
0.02681 -0.05620 0.57615
0.01729 -0.12140 0.56296
0.00758 -0.18415 0.54577
0.05910 -0.18757 0.53660
-0.00154 -0.24386 0.52545
0.04882 -0.24668 0.51679
0.11012 -0.19064 0.52352
0.09892 -0.24878 0.50455
0.08966 -0.30350 0.48354
0.13813 -0.30398 0.46951
0.04027 -0.30236 0.49462
0.03428 -0.35467 0.47086
0.08339 -0.35465 0.46098
0.13134 -0.35352 0.44847
-0.00931 -0.30020 0.50263
-0.01506 -0.35316 0.47795
-0.01842 -0.40325 0.45192
0.03140 -0.40397 0.44584
0.08081 -0.40253 0.43710
0.12862 -0.39927 0.42589
0.26962 -0.30688 0.41010
0.30664 -0.30967 0.38303
0.22882 -0.30517 0.43303
0.21965 -0.35024 0.41618
0.25807 -0.34969 0.39616
0.29168 -0.35088 0.37230
0.18478 -0.30436 0.45271
0.17709 -0.35180 0.43351
0.17368 -0.39469 0.41260
0.21474 -0.38968 0.39770
0.25029 -0.38551 0.38131
0.27883 -0.38440 0.36236
0.38831 0.35090 0.34747
0.40418 0.31335 0.35540
0.42656 0.31898 0.31668
0.40635 0.35908 0.31134
0.41686 0.26832 0.36445
0.42615 0.21703 0.37281
0.45247 0.21911 0.32926
0.44207 0.27217 0.32326
0.46148 0.27782 0.27679
0.44476 0.32694 0.27213
0.47266 0.22294 0.28111
0.48722 0.22734 0.22914
0.47534 0.28333 0.22579
0.45751 0.33468 0.22249
0.42203 0.37000 0.26848
0.43291 0.38354 0.22137
0.43054 0.16020 0.37906
0.43005 0.09898 0.38285
0.45811 0.09885 0.33670
0.45774 0.16086 0.33379
0.42581 0.03465 0.38465
0.41797 -0.03118 0.38408
0.42581 0.03465 0.38465
0.44730 -0.03236 0.33748
0.45459 0.03394 0.33809
0.45459 0.03394 0.33809
0.47663 0.03522 0.28718
0.47958 0.10046 0.28649
0.46986 -0.03132 0.28643
0.47663 0.03522 0.28718
0.48646 -0.02792 0.23167
0.49228 0.03830 0.23290
0.49228 0.03830 0.23290
0.49479 0.10365 0.23276
0.47863 0.16342 0.28440
0.49342 0.16695 0.23150
0.50251 0.17053 0.17590
0.49619 0.23094 0.17413
0.50414 0.10740 0.17646
0.50819 0.11082 0.11821
0.50632 0.17311 0.11830
0.49978 0.23274 0.11703
0.50234 0.04252 0.17571
0.49779 -0.02293 0.17386
0.50234 0.04252 0.17571
0.50372 -0.01694 0.11384
0.50715 0.04710 0.11658
0.50715 0.04710 0.11658
0.50682 0.05155 0.05654
0.50748 0.11329 0.05872
0.50373 -0.01036 0.05309
0.50682 0.05155 0.05654
0.49743 -0.00387 -0.00749
0.50105 0.05548 -0.00343
0.50105 0.05548 -0.00343
0.50216 0.11468 -0.00087
0.50536 0.17401 0.05942
0.49871 0.23243 0.05889
0.50016 0.17313 0.00038
0.49367 0.22988 0.00062
0.43836 0.39504 0.17013
0.46479 0.34155 0.16974
0.46790 0.34454 0.11419
0.44179 0.39974 0.11456
0.48378 0.28746 0.17156
0.48713 0.28928 0.11524
0.48633 0.28827 0.05779
0.46790 0.34288 0.05685
0.48190 0.28448 0.00019
0.46466 0.33749 -0.00069
0.44282 0.39698 0.05631
0.44148 0.38937 -0.00203
0.40675 -0.09624 0.38081
0.39251 -0.15816 0.37510
0.42301 -0.16068 0.33025
0.43654 -0.09811 0.33468
0.37603 -0.21525 0.36764
0.35797 -0.26677 0.35911
0.38803 -0.26959 0.31810
0.40701 -0.21823 0.32468
0.43177 -0.21852 0.27581
0.44696 -0.16023 0.28006
0.41266 -0.27029 0.27101
0.43229 -0.26848 0.21836
0.45083 -0.21563 0.22191
0.46555 -0.15696 0.22565
0.45977 -0.09699 0.28379
0.47745 -0.09356 0.22905
0.33942 -0.31306 0.35058
0.32064 -0.35388 0.34287
0.34570 -0.35762 0.30654
0.36749 -0.31585 0.31180
0.30177 -0.38834 0.33716
0.32231 -0.39469 0.30351
0.34100 -0.40051 0.26212
0.36723 -0.36057 0.26326
0.35751 -0.40426 0.21375
0.38539 -0.36174 0.21356
0.39103 -0.31731 0.26654
0.41044 -0.31685 0.21536
0.42514 -0.31359 0.15826
0.44678 -0.26362 0.16034
0.39971 -0.36034 0.15776
0.40903 -0.35542 0.09739
0.43439 -0.30706 0.09684
0.45565 -0.25583 0.09836
0.37107 -0.40504 0.15906
0.38021 -0.40200 0.09968
0.38415 -0.39509 0.03761
0.41278 -0.34701 0.03451
0.38263 -0.38471 -0.02506
0.41013 -0.33553 -0.02862
0.43710 -0.29724 0.03332
0.45776 -0.24530 0.03465
0.43317 -0.28514 -0.03000
0.45273 -0.23308 -0.02871
0.49022 -0.08786 0.17093
0.47941 -0.15091 0.16735
0.48753 -0.14236 0.10614
0.49742 -0.08041 0.11032
0.46484 -0.20954 0.16365
0.47342 -0.20103 0.10176
0.47507 -0.19041 0.03826
0.48849 -0.13228 0.04340
0.46907 -0.17860 -0.02492
0.48186 -0.12166 -0.01925
0.49779 -0.07185 0.04862
0.49113 -0.06308 -0.01298
0.47886 -0.05514 -0.07317
0.48583 0.00167 -0.06704
0.46930 -0.11163 -0.07979
0.45295 -0.10310 -0.13683
0.46276 -0.04875 -0.13057
0.47027 0.00575 -0.12439
0.45692 -0.16701 -0.08554
0.44163 -0.22055 -0.08931
0.42622 -0.20882 -0.14544
0.44081 -0.15667 -0.14205
0.42198 -0.14790 -0.19413
0.43387 -0.09623 -0.18980
0.40780 -0.19839 -0.19672
0.38699 -0.18944 -0.24310
0.40072 -0.14072 -0.24155
0.41224 -0.09089 -0.23840
0.44363 -0.04395 -0.18431
0.45128 0.00841 -0.17857
0.42181 -0.04047 -0.23406
0.42939 0.01003 -0.22913
0.42328 -0.27210 -0.09060
0.40127 -0.32220 -0.08931
0.38742 -0.30830 -0.14539
0.40869 -0.25928 -0.14655
0.37496 -0.37140 -0.08587
0.36197 -0.35639 -0.14241
0.34575 -0.34106 -0.19381
0.37015 -0.29475 -0.19617
0.32767 -0.32602 -0.23953
0.35080 -0.28206 -0.24153
0.39073 -0.24732 -0.19733
0.37048 -0.23659 -0.24296
0.34867 -0.22744 -0.28355
0.36419 -0.18214 -0.28469
0.33040 -0.27066 -0.28150
0.30930 -0.26122 -0.31606
0.32552 -0.22034 -0.31926
0.33966 -0.17679 -0.32178
0.30910 -0.31168 -0.27940
0.29069 -0.29887 -0.31321
0.27252 -0.28916 -0.34064
0.28730 -0.25483 -0.34527
0.30087 -0.21593 -0.35031
0.31330 -0.17373 -0.35460
0.39762 -0.03808 -0.27975
0.40504 0.01092 -0.27584
0.38838 -0.08694 -0.28277
0.36241 -0.08436 -0.32296
0.37127 -0.03670 -0.32138
0.37852 0.01120 -0.31862
0.37730 -0.13513 -0.28446
0.35191 -0.13125 -0.32310
0.32448 -0.12925 -0.35762
0.33431 -0.08326 -0.35907
0.34276 -0.03638 -0.35892
0.34979 0.01083 -0.35729
0.43645 0.37884 -0.05856
0.45811 0.32941 -0.05718
0.44847 0.31917 -0.11193
0.42827 0.36643 -0.11266
0.47417 0.27827 -0.05669
0.48500 0.22533 -0.05686
0.47249 0.21915 -0.11261
0.46311 0.27004 -0.11198
0.44837 0.26073 -0.16466
0.43551 0.30766 -0.16403
0.45619 0.21221 -0.16574
0.43656 0.20548 -0.21556
0.43022 0.25159 -0.21387
0.41917 0.29616 -0.21255
0.41709 0.35286 -0.16393
0.40279 0.33914 -0.21170
0.49080 0.17066 -0.05767
0.49222 0.11477 -0.05937
0.47797 0.11367 -0.11591
0.47722 0.16687 -0.11382
0.49035 0.05835 -0.06238
0.49035 0.05835 -0.06238
0.47546 0.05994 -0.11936
0.47546 0.05994 -0.11936
0.45675 0.06038 -0.17355
0.45976 0.11177 -0.16982
0.45675 0.06038 -0.17355
0.43495 0.06015 -0.22442
0.43495 0.06015 -0.22442
0.43829 0.10955 -0.22056
0.45977 0.16245 -0.16735
0.43902 0.15806 -0.21769
0.41558 0.15418 -0.26452
0.41413 0.19963 -0.26172
0.41424 0.10741 -0.26782
0.38791 0.10554 -0.31132
0.38978 0.15108 -0.30760
0.38927 0.19506 -0.30399
0.41062 0.05956 -0.27168
0.41062 0.05956 -0.27168
0.38409 0.05878 -0.31510
0.38409 0.05878 -0.31510
0.35533 0.05780 -0.35447
0.35936 0.10396 -0.35086
0.35533 0.05780 -0.35447
0.36173 0.14884 -0.34677
0.36217 0.19200 -0.34231
0.38597 0.32597 -0.25547
0.40011 0.28566 -0.25703
0.37885 0.27696 -0.29706
0.36744 0.31413 -0.29457
0.40925 0.24353 -0.25922
0.38585 0.23715 -0.30043
0.36033 0.23293 -0.33744
0.35581 0.27095 -0.33235
0.34805 0.30500 -0.32795
3 0 1 2
3 0 2 3
3 1 4 5
3 1 5 2
3 2 5 6
3 2 6 7
3 3 2 7
3 3 7 8
3 4 9 10
3 4 10 5
3 9 11 12
3 9 12 10
3 10 12 13
3 10 13 14
3 5 10 14
3 5 14 6
3 6 14 15
3 6 15 16
3 14 13 17
3 14 17 15
3 15 17 18
3 15 18 19
3 16 15 19
3 16 19 20
3 8 7 21
3 8 21 22
3 7 6 16
3 7 16 21
3 21 16 20
3 21 20 23
3 22 21 23
3 22 23 24
3 11 25 26
3 11 26 12
3 25 27 28
3 25 28 26
3 26 28 29
3 26 29 30
3 12 26 30
3 12 30 13
3 27 31 32
3 27 32 28
3 31 33 34
3 31 34 32
3 32 34 35
3 32 35 36
3 28 32 36
3 28 36 29
3 29 36 37
3 29 37 38
3 36 35 39
3 36 39 37
3 37 39 40
3 37 40 41
3 38 37 41
3 38 41 42
3 13 30 43
3 13 43 17
3 30 29 38
3 30 38 43
3 43 38 42
3 43 42 44
3 17 43 44
3 17 44 18
3 18 44 45
3 18 45 46
3 44 42 47
3 44 47 45
3 45 47 48
3 45 48 49
3 46 45 49
3 46 49 50
3 42 41 51
3 42 51 47
3 41 40 52
3 41 52 51
3 51 52 53
3 51 53 54
3 47 51 54
3 47 54 48
3 48 54 55
3 48 55 56
3 54 53 57
3 54 57 55
3 55 57 58
3 55 58 59
3 56 55 59
3 56 59 60
3 50 49 61
3 50 61 62
3 49 48 56
3 49 56 61
3 61 56 60
3 61 60 63
3 62 61 63
3 62 63 64
3 24 23 65
3 24 65 66
3 23 20 67
3 23 67 65
3 65 67 68
3 65 68 69
3 66 65 69
3 66 69 70
3 20 19 71
3 20 71 67
3 19 18 46
3 19 46 71
3 71 46 50
3 71 50 72
3 67 71 72
3 67 72 68
3 68 72 73
3 68 73 74
3 72 50 62
3 72 62 73
3 73 62 64
3 73 64 75
3 74 73 75
3 74 75 76
3 70 69 77
3 70 77 78
3 69 68 74
3 69 74 77
3 77 74 76
3 77 76 79
3 78 77 79
3 78 79 80
3 33 81 82
3 33 82 34
3 81 83 84
3 81 84 82
3 82 84 85
3 82 85 86
3 34 82 86
3 34 86 35
3 83 87 88
3 83 88 84
3 87 89 90
3 87 90 88
3 88 90 91
3 88 91 92
3 84 88 92
3 84 92 85
3 85 92 93
3 85 93 94
3 92 91 95
3 92 95 93
3 93 95 96
3 93 96 97
3 94 93 97
3 94 97 98
3 35 86 99
3 35 99 39
3 86 85 94
3 86 94 99
3 99 94 98
3 99 98 100
3 39 99 100
3 39 100 40
3 89 101 102
3 89 102 90
3 101 103 104
3 101 104 102
3 102 104 105
3 102 105 106
3 90 102 106
3 90 106 91
3 103 107 108
3 103 108 104
3 107 109 110
3 107 110 108
3 108 110 111
3 108 111 112
3 104 108 112
3 104 112 105
3 105 112 113
3 105 113 114
3 112 111 115
3 112 115 113
3 113 115 116
3 113 116 117
3 114 113 117
3 114 117 118
3 91 106 119
3 91 119 95
3 106 105 114
3 106 114 119
3 119 114 118
3 119 118 120
3 95 119 120
3 95 120 96
3 96 120 121
3 96 121 122
3 120 118 123
3 120 123 121
3 121 123 124
3 121 124 125
3 122 121 125
3 122 125 126
3 118 117 127
3 118 127 123
3 117 116 128
3 117 128 127
3 127 128 129
3 127 129 130
3 123 127 130
3 123 130 124
3 124 130 131
3 124 131 132
3 130 129 133
3 130 133 131
3 131 133 134
3 131 134 135
3 132 131 135
3 132 135 136
3 126 125 137
3 126 137 138
3 125 124 132
3 125 132 137
3 137 132 136
3 137 136 139
3 138 137 139
3 138 139 140
3 40 100 141
3 40 141 52
3 100 98 142
3 100 142 141
3 141 142 143
3 141 143 144
3 52 141 144
3 52 144 53
3 98 97 145
3 98 145 142
3 97 96 122
3 97 122 145
3 145 122 126
3 145 126 146
3 142 145 146
3 142 146 143
3 143 146 147
3 143 147 148
3 146 126 138
3 146 138 147
3 147 138 140
3 147 140 149
3 148 147 149
3 148 149 150
3 53 144 151
3 53 151 57
3 144 143 148
3 144 148 151
3 151 148 150
3 151 150 152
3 57 151 152
3 57 152 58
3 58 152 153
3 58 153 154
3 152 150 155
3 152 155 153
3 153 155 156
3 153 156 157
3 154 153 157
3 154 157 158
3 150 149 159
3 150 159 155
3 149 140 160
3 149 160 159
3 159 160 161
3 159 161 162
3 155 159 162
3 155 162 156
3 156 162 163
3 156 163 164
3 162 161 165
3 162 165 163
3 163 165 166
3 163 166 167
3 164 163 167
3 164 167 168
3 158 157 169
3 158 169 170
3 157 156 164
3 157 164 169
3 169 164 168
3 169 168 171
3 170 169 171
3 170 171 172
3 140 139 173
3 140 173 160
3 139 136 174
3 139 174 173
3 173 174 175
3 173 175 176
3 160 173 176
3 160 176 161
3 136 135 177
3 136 177 174
3 135 134 178
3 135 178 177
3 177 178 179
3 177 179 180
3 174 177 180
3 174 180 175
3 175 180 181
3 175 181 182
3 180 179 183
3 180 183 181
3 181 183 184
3 181 184 185
3 182 181 185
3 182 185 186
3 161 176 187
3 161 187 165
3 176 175 182
3 176 182 187
3 187 182 186
3 187 186 188
3 165 187 188
3 165 188 166
3 166 188 189
3 166 189 190
3 188 186 191
3 188 191 189
3 189 191 192
3 189 192 193
3 190 189 193
3 190 193 194
3 186 185 195
3 186 195 191
3 185 184 196
3 185 196 195
3 195 196 197
3 195 197 198
3 191 195 198
3 191 198 192
3 192 198 199
3 192 199 200
3 198 197 201
3 198 201 199
3 199 201 202
3 199 202 203
3 200 199 203
3 200 203 204
3 194 193 205
3 194 205 206
3 193 192 200
3 193 200 205
3 205 200 204
3 205 204 207
3 206 205 207
3 206 207 208
3 172 171 209
3 172 209 210
3 171 168 211
3 171 211 209
3 209 211 212
3 209 212 213
3 210 209 213
3 210 213 214
3 168 167 215
3 168 215 211
3 167 166 190
3 167 190 215
3 215 190 194
3 215 194 216
3 211 215 216
3 211 216 212
3 212 216 217
3 212 217 218
3 216 194 206
3 216 206 217
3 217 206 208
3 217 208 219
3 218 217 219
3 218 219 220
3 214 213 221
3 214 221 222
3 213 212 218
3 213 218 221
3 221 218 220
3 221 220 223
3 222 221 223
3 222 223 224
3 80 79 225
3 80 225 226
3 79 76 227
3 79 227 225
3 225 227 228
3 225 228 229
3 226 225 229
3 226 229 230
3 76 75 231
3 76 231 227
3 75 64 232
3 75 232 231
3 231 232 233
3 231 233 234
3 227 231 234
3 227 234 228
3 228 234 235
3 228 235 236
3 234 233 237
3 234 237 235
3 235 237 238
3 235 238 239
3 236 235 239
3 236 239 240
3 230 229 241
3 230 241 242
3 229 228 236
3 229 236 241
3 241 236 240
3 241 240 243
3 242 241 243
3 242 243 244
3 64 63 245
3 64 245 232
3 63 60 246
3 63 246 245
3 245 246 247
3 245 247 248
3 232 245 248
3 232 248 233
3 60 59 249
3 60 249 246
3 59 58 154
3 59 154 249
3 249 154 158
3 249 158 250
3 246 249 250
3 246 250 247
3 247 250 251
3 247 251 252
3 250 158 170
3 250 170 251
3 251 170 172
3 251 172 253
3 252 251 253
3 252 253 254
3 233 248 255
3 233 255 237
3 248 247 252
3 248 252 255
3 255 252 254
3 255 254 256
3 237 255 256
3 237 256 238
3 238 256 257
3 238 257 258
3 256 254 259
3 256 259 257
3 257 259 260
3 257 260 261
3 258 257 261
3 258 261 262
3 254 253 263
3 254 263 259
3 253 172 210
3 253 210 263
3 263 210 214
3 263 214 264
3 259 263 264
3 259 264 260
3 260 264 265
3 260 265 266
3 264 214 222
3 264 222 265
3 265 222 224
3 265 224 267
3 266 265 267
3 266 267 268
3 262 261 269
3 262 269 270
3 261 260 266
3 261 266 269
3 269 266 268
3 269 268 271
3 270 269 271
3 270 271 272
3 244 243 273
3 244 273 274
3 243 240 275
3 243 275 273
3 273 275 276
3 273 276 277
3 274 273 277
3 274 277 278
3 240 239 279
3 240 279 275
3 239 238 258
3 239 258 279
3 279 258 262
3 279 262 280
3 275 279 280
3 275 280 276
3 276 280 281
3 276 281 282
3 280 262 270
3 280 270 281
3 281 270 272
3 281 272 283
3 282 281 283
3 282 283 284
3 278 277 285
3 278 285 286
3 277 276 282
3 277 282 285
3 285 282 284
3 285 284 287
3 286 285 287
3 286 287 288
3 109 107 289
3 109 289 290
3 107 103 291
3 107 291 289
3 289 291 292
3 289 292 293
3 290 289 293
3 290 293 294
3 103 101 295
3 103 295 291
3 101 89 296
3 101 296 295
3 295 296 297
3 295 297 298
3 291 295 298
3 291 298 292
3 292 298 299
3 292 299 300
3 298 297 301
3 298 301 299
3 299 301 302
3 299 302 303
3 300 299 303
3 300 303 304
3 294 293 305
3 294 305 306
3 293 292 300
3 293 300 305
3 305 300 304
3 305 304 307
3 306 305 307
3 306 307 308
3 89 87 309
3 89 309 296
3 87 83 310
3 87 310 309
3 309 310 311
3 309 311 312
3 296 309 312
3 296 312 297
3 83 81 313
3 83 313 310
3 81 33 314
3 81 314 313
3 313 314 315
3 313 315 316
3 310 313 316
3 310 316 311
3 311 316 317
3 311 317 318
3 316 315 319
3 316 319 317
3 317 319 320
3 317 320 321
3 318 317 321
3 318 321 322
3 297 312 323
3 297 323 301
3 312 311 318
3 312 318 323
3 323 318 322
3 323 322 324
3 301 323 324
3 301 324 302
3 302 324 325
3 302 325 326
3 324 322 327
3 324 327 325
3 325 327 328
3 325 328 329
3 326 325 329
3 326 329 330
3 322 321 331
3 322 331 327
3 321 320 332
3 321 332 331
3 331 332 333
3 331 333 334
3 327 331 334
3 327 334 328
3 328 334 335
3 328 335 336
3 334 333 337
3 334 337 335
3 338 339 340
3 338 340 341
3 342 338 341
3 342 341 343
3 330 329 344
3 330 344 345
3 329 328 336
3 329 336 344
3 346 342 343
3 346 343 347
3 348 346 347
3 348 347 349
3 308 307 350
3 308 350 351
3 307 304 352
3 307 352 350
3 350 352 353
3 350 353 354
3 351 350 354
3 351 354 355
3 304 303 356
3 304 356 352
3 303 302 326
3 303 326 356
3 356 326 330
3 356 330 357
3 352 356 357
3 352 357 353
3 353 357 358
3 353 358 359
3 357 330 345
3 357 345 358
3 360 348 349
3 360 349 361
3 362 360 361
3 362 361 363
3 355 354 364
3 355 364 365
3 354 353 359
3 354 359 364
3 366 362 363
3 366 363 367
3 368 366 367
3 368 367 369
3 33 31 370
3 33 370 314
3 31 27 371
3 31 371 370
3 370 371 372
3 370 372 373
3 314 370 373
3 314 373 315
3 27 25 374
3 27 374 371
3 25 11 375
3 25 375 374
3 374 375 376
3 374 376 377
3 371 374 377
3 371 377 372
3 372 377 378
3 372 378 379
3 377 376 380
3 377 380 378
3 378 380 381
3 378 381 382
3 379 378 382
3 379 382 383
3 315 373 384
3 315 384 319
3 373 372 379
3 373 379 384
3 384 379 383
3 384 383 385
3 319 384 385
3 319 385 320
3 11 9 386
3 11 386 375
3 9 4 387
3 9 387 386
3 386 387 388
3 386 388 389
3 375 386 389
3 375 389 376
3 4 1 390
3 4 390 387
3 1 0 391
3 1 391 390
3 390 391 392
3 390 392 393
3 387 390 393
3 387 393 388
3 388 393 394
3 388 394 395
3 393 392 396
3 393 396 394
3 394 396 397
3 394 397 398
3 395 394 398
3 395 398 399
3 376 389 400
3 376 400 380
3 389 388 395
3 389 395 400
3 400 395 399
3 400 399 401
3 380 400 401
3 380 401 381
3 381 401 402
3 381 402 403
3 401 399 404
3 401 404 402
3 402 404 405
3 402 405 406
3 403 402 406
3 403 406 407
3 399 398 408
3 399 408 404
3 398 397 409
3 398 409 408
3 408 409 410
3 408 410 411
3 404 408 411
3 404 411 405
3 405 411 412
3 405 412 413
3 411 410 414
3 411 414 412
3 415 416 417
3 415 417 418
3 419 415 418
3 419 418 420
3 407 406 421
3 407 421 422
3 406 405 413
3 406 413 421
3 423 419 420
3 423 420 424
3 425 423 424
3 425 424 426
3 320 385 427
3 320 427 332
3 385 383 428
3 385 428 427
3 427 428 429
3 427 429 430
3 332 427 430
3 332 430 333
3 383 382 431
3 383 431 428
3 382 381 403
3 382 403 431
3 431 403 407
3 431 407 432
3 428 431 432
3 428 432 429
3 429 432 433
3 429 433 434
3 432 407 422
3 432 422 433
3 435 425 426
3 435 426 436
3 437 435 436
3 437 436 438
3 333 430 439
3 333 439 337
3 430 429 434
3 430 434 439
3 440 437 438
3 440 438 441
3 339 440 441
3 339 441 340
3 340 441 442
3 340 442 443
3 441 438 444
3 441 444 442
3 442 444 445
3 442 445 446
3 443 442 446
3 443 446 447
3 438 436 448
3 438 448 444
3 436 426 449
3 436 449 448
3 448 449 450
3 448 450 451
3 444 448 451
3 444 451 445
3 445 451 452
3 445 452 453
3 451 450 454
3 451 454 452
3 452 454 455
3 452 455 456
3 453 452 456
3 453 456 457
3 447 446 458
3 447 458 459
3 446 445 453
3 446 453 458
3 458 453 457
3 458 457 460
3 459 458 460
3 459 460 461
3 426 424 462
3 426 462 449
3 424 420 463
3 424 463 462
3 462 463 464
3 462 464 465
3 449 462 465
3 449 465 450
3 420 418 466
3 420 466 463
3 418 417 467
3 418 467 466
3 466 467 468
3 466 468 469
3 463 466 469
3 463 469 464
3 464 469 470
3 464 470 471
3 469 468 472
3 469 472 470
3 470 472 473
3 470 473 474
3 471 470 474
3 471 474 475
3 450 465 476
3 450 476 454
3 465 464 471
3 465 471 476
3 476 471 475
3 476 475 477
3 454 476 477
3 454 477 455
3 455 477 478
3 455 478 479
3 477 475 480
3 477 480 478
3 478 480 481
3 478 481 482
3 479 478 482
3 479 482 483
3 475 474 484
3 475 484 480
3 474 473 485
3 474 485 484
3 484 485 486
3 484 486 487
3 480 484 487
3 480 487 481
3 481 487 488
3 481 488 489
3 487 486 490
3 487 490 488
3 488 490 491
3 488 491 492
3 489 488 492
3 489 492 493
3 483 482 494
3 483 494 495
3 482 481 489
3 482 489 494
3 494 489 493
3 494 493 496
3 495 494 496
3 495 496 497
3 461 460 498
3 461 498 499
3 460 457 500
3 460 500 498
3 498 500 501
3 498 501 502
3 499 498 502
3 499 502 503
3 457 456 504
3 457 504 500
3 456 455 479
3 456 479 504
3 504 479 483
3 504 483 505
3 500 504 505
3 500 505 501
3 501 505 506
3 501 506 507
3 505 483 495
3 505 495 506
3 506 495 497
3 506 497 508
3 507 506 508
3 507 508 509
3 503 502 510
3 503 510 511
3 502 501 507
3 502 507 510
3 510 507 509
3 510 509 512
3 511 510 512
3 511 512 513
3 369 367 514
3 369 514 515
3 367 363 516
3 367 516 514
3 514 516 517
3 514 517 518
3 515 514 518
3 515 518 519
3 363 361 520
3 363 520 516
3 361 349 521
3 361 521 520
3 520 521 522
3 520 522 523
3 516 520 523
3 516 523 517
3 517 523 524
3 517 524 525
3 523 522 526
3 523 526 524
3 524 526 527
3 524 527 528
3 525 524 528
3 525 528 529
3 519 518 530
3 519 530 531
3 518 517 525
3 518 525 530
3 530 525 529
3 530 529 532
3 531 530 532
3 531 532 533
3 349 347 534
3 349 534 521
3 347 343 535
3 347 535 534
3 534 535 536
3 534 536 537
3 521 534 537
3 521 537 522
3 343 341 538
3 343 538 535
3 341 340 443
3 341 443 538
3 538 443 447
3 538 447 539
3 535 538 539
3 535 539 536
3 536 539 540
3 536 540 541
3 539 447 459
3 539 459 540
3 540 459 461
3 540 461 542
3 541 540 542
3 541 542 543
3 522 537 544
3 522 544 526
3 537 536 541
3 537 541 544
3 544 541 543
3 544 543 545
3 526 544 545
3 526 545 527
3 527 545 546
3 527 546 547
3 545 543 548
3 545 548 546
3 546 548 549
3 546 549 550
3 547 546 550
3 547 550 551
3 543 542 552
3 543 552 548
3 542 461 499
3 542 499 552
3 552 499 503
3 552 503 553
3 548 552 553
3 548 553 549
3 549 553 554
3 549 554 555
3 553 503 511
3 553 511 554
3 554 511 513
3 554 513 556
3 555 554 556
3 555 556 557
3 551 550 558
3 551 558 559
3 550 549 555
3 550 555 558
3 558 555 557
3 558 557 560
3 559 558 560
3 559 560 561
3 533 532 562
3 533 562 563
3 532 529 564
3 532 564 562
3 562 564 565
3 562 565 566
3 563 562 566
3 563 566 567
3 529 528 568
3 529 568 564
3 528 527 547
3 528 547 568
3 568 547 551
3 568 551 569
3 564 568 569
3 564 569 565
3 565 569 570
3 565 570 571
3 569 551 559
3 569 559 570
3 570 559 561
3 570 561 572
3 571 570 572
3 571 572 573
3 567 566 574
3 567 574 575
3 566 565 571
3 566 571 574
3 574 571 573
3 574 573 576
3 575 574 576
3 575 576 577
3 577 576 578
3 577 578 579
3 576 573 580
3 576 580 578
3 578 580 581
3 578 581 582
3 579 578 582
3 579 582 583
3 573 572 584
3 573 584 580
3 572 561 585
3 572 585 584
3 584 585 586
3 584 586 587
3 580 584 587
3 580 587 581
3 581 587 588
3 581 588 589
3 587 586 590
3 587 590 588
3 588 590 591
3 588 591 592
3 589 588 592
3 589 592 593
3 583 582 594
3 583 594 595
3 582 581 589
3 582 589 594
3 594 589 593
3 594 593 596
3 595 594 596
3 595 596 597
3 561 560 598
3 561 598 585
3 560 557 599
3 560 599 598
3 598 599 600
3 598 600 601
3 585 598 601
3 585 601 586
3 557 556 602
3 557 602 599
3 556 513 603
3 556 603 602
3 602 603 604
3 602 604 605
3 599 602 605
3 599 605 600
3 600 605 606
3 600 606 607
3 605 604 608
3 605 608 606
3 606 608 609
3 606 609 610
3 607 606 610
3 607 610 611
3 586 601 612
3 586 612 590
3 601 600 607
3 601 607 612
3 612 607 611
3 612 611 613
3 590 612 613
3 590 613 591
3 591 613 614
3 591 614 615
3 613 611 616
3 613 616 614
3 614 616 617
3 614 617 618
3 615 614 618
3 615 618 619
3 611 610 620
3 611 620 616
3 610 609 621
3 610 621 620
3 620 621 622
3 620 622 623
3 616 620 623
3 616 623 617
3 617 623 624
3 617 624 625
3 623 622 626
3 623 626 624
3 624 626 627
3 624 627 628
3 625 624 628
3 625 628 629
3 619 618 630
3 619 630 631
3 618 617 625
3 618 625 630
3 630 625 629
3 630 629 632
3 631 630 632
3 631 632 633
3 597 596 634
3 597 634 635
3 596 593 636
3 596 636 634
3 634 636 637
3 634 637 638
3 635 634 638
3 635 638 639
3 593 592 640
3 593 640 636
3 592 591 615
3 592 615 640
3 640 615 619
3 640 619 641
3 636 640 641
3 636 641 637
3 637 641 642
3 637 642 643
3 641 619 631
3 641 631 642
3 642 631 633
3 642 633 644
3 643 642 644
3 643 644 645
3 639 638 646
3 639 646 647
3 638 637 643
3 638 643 646
3 646 643 645
3 646 645 648
3 647 646 648
3 647 648 649
3 513 512 650
3 513 650 603
3 512 509 651
3 512 651 650
3 650 651 652
3 650 652 653
3 603 650 653
3 603 653 604
3 509 508 654
3 509 654 651
3 508 497 655
3 508 655 654
3 654 655 656
3 654 656 657
3 651 654 657
3 651 657 652
3 652 657 658
3 652 658 659
3 657 656 660
3 657 660 658
3 658 660 661
3 658 661 662
3 659 658 662
3 659 662 663
3 604 653 664
3 604 664 608
3 653 652 659
3 653 659 664
3 664 659 663
3 664 663 665
3 608 664 665
3 608 665 609
3 497 496 666
3 497 666 655
3 496 493 667
3 496 667 666
3 666 667 668
3 666 668 669
3 655 666 669
3 655 669 656
3 493 492 670
3 493 670 667
3 492 491 671
3 492 671 670
3 670 671 672
3 670 672 673
3 667 670 673
3 667 673 668
3 668 673 674
3 668 674 675
3 673 672 676
3 673 676 674
3 674 676 677
3 674 677 678
3 675 674 678
3 675 678 679
3 656 669 680
3 656 680 660
3 669 668 675
3 669 675 680
3 680 675 679
3 680 679 681
3 660 680 681
3 660 681 661
3 661 681 682
3 661 682 683
3 681 679 684
3 681 684 682
3 682 684 685
3 682 685 686
3 683 682 686
3 683 686 687
3 679 678 688
3 679 688 684
3 678 677 689
3 678 689 688
3 688 689 690
3 688 690 691
3 684 688 691
3 684 691 685
3 685 691 692
3 685 692 693
3 691 690 694
3 691 694 692
3 692 694 695
3 692 695 696
3 693 692 696
3 693 696 697
3 687 686 698
3 687 698 699
3 686 685 693
3 686 693 698
3 698 693 697
3 698 697 700
3 699 698 700
3 699 700 701
3 609 665 702
3 609 702 621
3 665 663 703
3 665 703 702
3 702 703 704
3 702 704 705
3 621 702 705
3 621 705 622
3 663 662 706
3 663 706 703
3 662 661 683
3 662 683 706
3 706 683 687
3 706 687 707
3 703 706 707
3 703 707 704
3 704 707 708
3 704 708 709
3 707 687 699
3 707 699 708
3 708 699 701
3 708 701 710
3 709 708 710
3 709 710 711
3 622 705 712
3 622 712 626
3 705 704 709
3 705 709 712
3 712 709 711
3 712 711 713
3 626 712 713
3 626 713 627
3 627 713 714
3 627 714 715
3 713 711 716
3 713 716 714
3 714 716 717
3 714 717 718
3 715 714 718
3 715 718 719
3 711 710 720
3 711 720 716
3 710 701 721
3 710 721 720
3 720 721 722
3 720 722 723
3 716 720 723
3 716 723 717
3 717 723 724
3 717 724 725
3 723 722 726
3 723 726 724
3 724 726 727
3 724 727 728
3 725 724 728
3 725 728 729
3 719 718 730
3 719 730 731
3 718 717 725
3 718 725 730
3 730 725 729
3 730 729 732
3 731 730 732
3 731 732 733
3 701 700 734
3 701 734 721
3 700 697 735
3 700 735 734
3 734 735 736
3 734 736 737
3 721 734 737
3 721 737 722
3 697 696 738
3 697 738 735
3 696 695 739
3 696 739 738
3 738 739 740
3 738 740 741
3 735 738 741
3 735 741 736
3 736 741 742
3 736 742 743
3 741 740 744
3 741 744 742
3 742 744 745
3 742 745 746
3 743 742 746
3 743 746 747
3 722 737 748
3 722 748 726
3 737 736 743
3 737 743 748
3 748 743 747
3 748 747 749
3 726 748 749
3 726 749 727
3 727 749 750
3 727 750 751
3 749 747 752
3 749 752 750
3 750 752 753
3 750 753 754
3 751 750 754
3 751 754 755
3 747 746 756
3 747 756 752
3 746 745 757
3 746 757 756
3 756 757 758
3 756 758 759
3 752 756 759
3 752 759 753
3 753 759 760
3 753 760 761
3 759 758 762
3 759 762 760
3 760 762 763
3 760 763 764
3 761 760 764
3 761 764 765
3 755 754 766
3 755 766 767
3 754 753 761
3 754 761 766
3 766 761 765
3 766 765 768
3 767 766 768
3 767 768 769
3 733 732 770
3 733 770 771
3 732 729 772
3 732 772 770
3 770 772 773
3 770 773 774
3 771 770 774
3 771 774 775
3 729 728 776
3 729 776 772
3 728 727 751
3 728 751 776
3 776 751 755
3 776 755 777
3 772 776 777
3 772 777 773
3 773 777 778
3 773 778 779
3 777 755 767
3 777 767 778
3 778 767 769
3 778 769 780
3 779 778 780
3 779 780 781
3 775 774 782
3 775 782 783
3 774 773 779
3 774 779 782
3 782 779 781
3 782 781 784
3 783 782 784
3 783 784 785
3 649 648 786
3 649 786 787
3 648 645 788
3 648 788 786
3 786 788 789
3 786 789 790
3 787 786 790
3 787 790 791
3 645 644 792
3 645 792 788
3 644 633 793
3 644 793 792
3 792 793 794
3 792 794 795
3 788 792 795
3 788 795 789
3 789 795 796
3 789 796 797
3 795 794 798
3 795 798 796
3 796 798 799
3 796 799 800
3 797 796 800
3 797 800 801
3 791 790 802
3 791 802 803
3 790 789 797
3 790 797 802
3 802 797 801
3 802 801 804
3 803 802 804
3 803 804 805
3 633 632 806
3 633 806 793
3 632 629 807
3 632 807 806
3 806 807 808
3 806 808 809
3 793 806 809
3 793 809 794
3 629 628 810
3 629 810 807
3 628 627 715
3 628 715 810
3 810 715 719
3 810 719 811
3 807 810 811
3 807 811 808
3 808 811 812
3 808 812 813
3 811 719 731
3 811 731 812
3 812 731 733
3 812 733 814
3 813 812 814
3 813 814 815
3 794 809 816
3 794 816 798
3 809 808 813
3 809 813 816
3 816 813 815
3 816 815 817
3 798 816 817
3 798 817 799
3 799 817 818
3 799 818 819
3 817 815 820
3 817 820 818
3 818 820 821
3 818 821 822
3 819 818 822
3 819 822 823
3 815 814 824
3 815 824 820
3 814 733 771
3 814 771 824
3 824 771 775
3 824 775 825
3 820 824 825
3 820 825 821
3 821 825 826
3 821 826 827
3 825 775 783
3 825 783 826
3 826 783 785
3 826 785 828
3 827 826 828
3 827 828 829
3 823 822 830
3 823 830 831
3 822 821 827
3 822 827 830
3 830 827 829
3 830 829 832
3 831 830 832
3 831 832 833
3 805 804 834
3 805 834 835
3 804 801 836
3 804 836 834
3 834 836 837
3 834 837 838
3 835 834 838
3 835 838 839
3 801 800 840
3 801 840 836
3 800 799 819
3 800 819 840
3 840 819 823
3 840 823 841
3 836 840 841
3 836 841 837
3 837 841 842
3 837 842 843
3 841 823 831
3 841 831 842
3 842 831 833
3 842 833 844
3 843 842 844
3 843 844 845
3 839 838 846
3 839 846 847
3 838 837 843
3 838 843 846
3 846 843 845
3 846 845 848
3 847 846 848
3 847 848 849
3 202 201 850
3 202 850 851
3 201 197 852
3 201 852 850
3 850 852 853
3 850 853 854
3 851 850 854
3 851 854 855
3 197 196 856
3 197 856 852
3 196 184 857
3 196 857 856
3 856 857 858
3 856 858 859
3 852 856 859
3 852 859 853
3 853 859 860
3 853 860 861
3 859 858 862
3 859 862 860
3 860 862 863
3 860 863 864
3 861 860 864
3 861 864 865
3 855 854 866
3 855 866 867
3 854 853 861
3 854 861 866
3 866 861 865
3 866 865 868
3 867 866 868
3 867 868 869
3 184 183 870
3 184 870 857
3 183 179 871
3 183 871 870
3 870 871 872
3 870 872 873
3 857 870 873
3 857 873 858
3 179 178 874
3 179 874 871
3 178 134 875
3 178 875 874
3 874 875 876
3 874 876 877
3 871 874 877
3 871 877 872
3 872 877 878
3 872 878 879
3 877 876 880
3 877 880 878
3 878 880 881
3 878 881 882
3 879 878 882
3 879 882 883
3 858 873 884
3 858 884 862
3 873 872 879
3 873 879 884
3 884 879 883
3 884 883 885
3 862 884 885
3 862 885 863
3 863 885 886
3 863 886 887
3 885 883 888
3 885 888 886
3 886 888 889
3 886 889 890
3 887 886 890
3 887 890 891
3 883 882 892
3 883 892 888
3 882 881 893
3 882 893 892
3 892 893 894
3 892 894 895
3 888 892 895
3 888 895 889
3 889 895 896
3 889 896 897
3 895 894 898
3 895 898 896
3 899 900 901
3 899 901 902
3 903 899 902
3 903 902 904
3 891 890 905
3 891 905 906
3 890 889 897
3 890 897 905
3 907 903 904
3 907 904 908
3 909 907 908
3 909 908 910
3 869 868 911
3 869 911 912
3 868 865 913
3 868 913 911
3 911 913 914
3 911 914 915
3 912 911 915
3 912 915 916
3 865 864 917
3 865 917 913
3 864 863 887
3 864 887 917
3 917 887 891
3 917 891 918
3 913 917 918
3 913 918 914
3 914 918 919
3 914 919 920
3 918 891 906
3 918 906 919
3 921 909 910
3 921 910 922
3 923 921 922
3 923 922 924
3 916 915 925
3 916 925 926
3 915 914 920
3 915 920 925
3 927 923 924
3 927 924 928
3 929 927 928
3 929 928 930
3 134 133 931
3 134 931 875
3 133 129 932
3 133 932 931
3 931 932 933
3 931 933 934
3 875 931 934
3 875 934 876
3 129 128 935
3 129 935 932
3 128 116 936
3 128 936 935
3 935 936 937
3 935 937 938
3 932 935 938
3 932 938 933
3 933 938 939
3 933 939 940
3 938 937 941
3 938 941 939
3 939 941 942
3 939 942 943
3 940 939 943
3 940 943 944
3 876 934 945
3 876 945 880
3 934 933 940
3 934 940 945
3 945 940 944
3 945 944 946
3 880 945 946
3 880 946 881
3 116 115 947
3 116 947 936
3 115 111 948
3 115 948 947
3 947 948 949
3 947 949 950
3 936 947 950
3 936 950 937
3 111 110 951
3 111 951 948
3 110 109 290
3 110 290 951
3 951 290 294
3 951 294 952
3 948 951 952
3 948 952 949
3 949 952 953
3 949 953 954
3 952 294 306
3 952 306 953
3 953 306 308
3 953 308 955
3 954 953 955
3 954 955 956
3 937 950 957
3 937 957 941
3 950 949 954
3 950 954 957
3 957 954 956
3 957 956 958
3 941 957 958
3 941 958 942
3 942 958 959
3 942 959 960
3 958 956 961
3 958 961 959
3 959 961 962
3 959 962 963
3 960 959 963
3 960 963 964
3 956 955 965
3 956 965 961
3 955 308 351
3 955 351 965
3 965 351 355
3 965 355 966
3 961 965 966
3 961 966 962
3 962 966 967
3 962 967 968
3 966 355 365
3 966 365 967
3 969 368 369
3 969 369 970
3 971 969 970
3 971 970 972
3 964 963 973
3 964 973 974
3 963 962 968
3 963 968 973
3 975 971 972
3 975 972 976
3 977 975 976
3 977 976 978
3 881 946 979
3 881 979 893
3 946 944 980
3 946 980 979
3 979 980 981
3 979 981 982
3 893 979 982
3 893 982 894
3 944 943 983
3 944 983 980
3 943 942 960
3 943 960 983
3 983 960 964
3 983 964 984
3 980 983 984
3 980 984 981
3 981 984 985
3 981 985 986
3 984 964 974
3 984 974 985
3 987 977 978
3 987 978 988
3 989 987 988
3 989 988 990
3 894 982 991
3 894 991 898
3 982 981 986
3 982 986 991
3 992 989 990
3 992 990 993
3 900 992 993
3 900 993 901
3 901 993 994
3 901 994 995
3 993 990 996
3 993 996 994
3 994 996 997
3 994 997 998
3 995 994 998
3 995 998 999
3 990 988 1000
3 990 1000 996
3 988 978 1001
3 988 1001 1000
3 1000 1001 1002
3 1000 1002 1003
3 996 1000 1003
3 996 1003 997
3 997 1003 1004
3 997 1004 1005
3 1003 1002 1006
3 1003 1006 1004
3 1004 1006 1007
3 1004 1007 1008
3 1005 1004 1008
3 1005 1008 1009
3 999 998 1010
3 999 1010 1011
3 998 997 1005
3 998 1005 1010
3 1010 1005 1009
3 1010 1009 1012
3 1011 1010 1012
3 1011 1012 1013
3 978 976 1014
3 978 1014 1001
3 976 972 1015
3 976 1015 1014
3 1014 1015 1016
3 1014 1016 1017
3 1001 1014 1017
3 1001 1017 1002
3 972 970 1018
3 972 1018 1015
3 970 369 515
3 970 515 1018
3 1018 515 519
3 1018 519 1019
3 1015 1018 1019
3 1015 1019 1016
3 1016 1019 1020
3 1016 1020 1021
3 1019 519 531
3 1019 531 1020
3 1020 531 533
3 1020 533 1022
3 1021 1020 1022
3 1021 1022 1023
3 1002 1017 1024
3 1002 1024 1006
3 1017 1016 1021
3 1017 1021 1024
3 1024 1021 1023
3 1024 1023 1025
3 1006 1024 1025
3 1006 1025 1007
3 1007 1025 1026
3 1007 1026 1027
3 1025 1023 1028
3 1025 1028 1026
3 1026 1028 1029
3 1026 1029 1030
3 1027 1026 1030
3 1027 1030 1031
3 1023 1022 1032
3 1023 1032 1028
3 1022 533 563
3 1022 563 1032
3 1032 563 567
3 1032 567 1033
3 1028 1032 1033
3 1028 1033 1029
3 1029 1033 1034
3 1029 1034 1035
3 1033 567 575
3 1033 575 1034
3 1034 575 577
3 1034 577 579
3 1035 1034 579
3 1035 579 583
3 1031 1030 1036
3 1031 1036 1037
3 1030 1029 1035
3 1030 1035 1036
3 1036 1035 583
3 1036 583 595
3 1037 1036 595
3 1037 595 597
3 1013 1012 1038
3 1013 1038 1039
3 1012 1009 1040
3 1012 1040 1038
3 1038 1040 1041
3 1038 1041 1042
3 1039 1038 1042
3 1039 1042 1043
3 1009 1008 1044
3 1009 1044 1040
3 1008 1007 1027
3 1008 1027 1044
3 1044 1027 1031
3 1044 1031 1045
3 1040 1044 1045
3 1040 1045 1041
3 1041 1045 1046
3 1041 1046 1047
3 1045 1031 1037
3 1045 1037 1046
3 1046 1037 597
3 1046 597 635
3 1047 1046 635
3 1047 635 639
3 1043 1042 1048
3 1043 1048 1049
3 1042 1041 1047
3 1042 1047 1048
3 1048 1047 639
3 1048 639 647
3 1049 1048 647
3 1049 647 649
3 930 928 1050
3 930 1050 1051
3 928 924 1052
3 928 1052 1050
3 1050 1052 1053
3 1050 1053 1054
3 1051 1050 1054
3 1051 1054 1055
3 924 922 1056
3 924 1056 1052
3 922 910 1057
3 922 1057 1056
3 1056 1057 1058
3 1056 1058 1059
3 1052 1056 1059
3 1052 1059 1053
3 1053 1059 1060
3 1053 1060 1061
3 1059 1058 1062
3 1059 1062 1060
3 1060 1062 1063
3 1060 1063 1064
3 1061 1060 1064
3 1061 1064 1065
3 1055 1054 1066
3 1055 1066 1067
3 1054 1053 1061
3 1054 1061 1066
3 1066 1061 1065
3 1066 1065 1068
3 1067 1066 1068
3 1067 1068 1069
3 910 908 1070
3 910 1070 1057
3 908 904 1071
3 908 1071 1070
3 1070 1071 1072
3 1070 1072 1073
3 1057 1070 1073
3 1057 1073 1058
3 904 902 1074
3 904 1074 1071
3 902 901 995
3 902 995 1074
3 1074 995 999
3 1074 999 1075
3 1071 1074 1075
3 1071 1075 1072
3 1072 1075 1076
3 1072 1076 1077
3 1075 999 1011
3 1075 1011 1076
3 1076 1011 1013
3 1076 1013 1078
3 1077 1076 1078
3 1077 1078 1079
3 1058 1073 1080
3 1058 1080 1062
3 1073 1072 1077
3 1073 1077 1080
3 1080 1077 1079
3 1080 1079 1081
3 1062 1080 1081
3 1062 1081 1063
3 1063 1081 1082
3 1063 1082 1083
3 1081 1079 1084
3 1081 1084 1082
3 1082 1084 1085
3 1082 1085 1086
3 1083 1082 1086
3 1083 1086 1087
3 1079 1078 1088
3 1079 1088 1084
3 1078 1013 1039
3 1078 1039 1088
3 1088 1039 1043
3 1088 1043 1089
3 1084 1088 1089
3 1084 1089 1085
3 1085 1089 1090
3 1085 1090 1091
3 1089 1043 1049
3 1089 1049 1090
3 1090 1049 649
3 1090 649 787
3 1091 1090 787
3 1091 787 791
3 1087 1086 1092
3 1087 1092 1093
3 1086 1085 1091
3 1086 1091 1092
3 1092 1091 791
3 1092 791 803
3 1093 1092 803
3 1093 803 805
3 1069 1068 1094
3 1069 1094 1095
3 1068 1065 1096
3 1068 1096 1094
3 1094 1096 1097
3 1094 1097 1098
3 1095 1094 1098
3 1095 1098 1099
3 1065 1064 1100
3 1065 1100 1096
3 1064 1063 1083
3 1064 1083 1100
3 1100 1083 1087
3 1100 1087 1101
3 1096 1100 1101
3 1096 1101 1097
3 1097 1101 1102
3 1097 1102 1103
3 1101 1087 1093
3 1101 1093 1102
3 1102 1093 805
3 1102 805 835
3 1103 1102 835
3 1103 835 839
3 1099 1098 1104
3 1099 1104 1105
3 1098 1097 1103
3 1098 1103 1104
3 1104 1103 839
3 1104 839 847
3 1105 1104 847
3 1105 847 849
3 288 287 1106
3 288 1106 1107
3 287 284 1108
3 287 1108 1106
3 1106 1108 1109
3 1106 1109 1110
3 1107 1106 1110
3 1107 1110 1111
3 284 283 1112
3 284 1112 1108
3 283 272 1113
3 283 1113 1112
3 1112 1113 1114
3 1112 1114 1115
3 1108 1112 1115
3 1108 1115 1109
3 1109 1115 1116
3 1109 1116 1117
3 1115 1114 1118
3 1115 1118 1116
3 1116 1118 1119
3 1116 1119 1120
3 1117 1116 1120
3 1117 1120 1121
3 1111 1110 1122
3 1111 1122 1123
3 1110 1109 1117
3 1110 1117 1122
3 1122 1117 1121
3 1122 1121 1124
3 1123 1122 1124
3 1123 1124 1125
3 272 271 1126
3 272 1126 1113
3 271 268 1127
3 271 1127 1126
3 1126 1127 1128
3 1126 1128 1129
3 1113 1126 1129
3 1113 1129 1114
3 268 267 1130
3 268 1130 1127
3 267 224 1131
3 267 1131 1130
3 1130 1131 1132
3 1130 1132 1133
3 1127 1130 1133
3 1127 1133 1128
3 1128 1133 1134
3 1128 1134 1135
3 1133 1132 1136
3 1133 1136 1134
3 1134 1136 1137
3 1134 1137 1138
3 1135 1134 1138
3 1135 1138 1139
3 1114 1129 1140
3 1114 1140 1118
3 1129 1128 1135
3 1129 1135 1140
3 1140 1135 1139
3 1140 1139 1141
3 1118 1140 1141
3 1118 1141 1119
3 1119 1141 1142
3 1119 1142 1143
3 1141 1139 1144
3 1141 1144 1142
3 1142 1144 1145
3 1142 1145 1146
3 1143 1142 1146
3 1143 1146 1147
3 1139 1138 1148
3 1139 1148 1144
3 1138 1137 1149
3 1138 1149 1148
3 1148 1149 1150
3 1148 1150 1151
3 1144 1148 1151
3 1144 1151 1145
3 1145 1151 1152
3 1145 1152 1153
3 1151 1150 1154
3 1151 1154 1152
3 1155 1156 1157
3 1155 1157 1158
3 1159 1155 1158
3 1159 1158 1160
3 1147 1146 1161
3 1147 1161 1162
3 1146 1145 1153
3 1146 1153 1161
3 1163 1159 1160
3 1163 1160 1164
3 1165 1163 1164
3 1165 1164 1166
3 1125 1124 1167
3 1125 1167 1168
3 1124 1121 1169
3 1124 1169 1167
3 1167 1169 1170
3 1167 1170 1171
3 1168 1167 1171
3 1168 1171 1172
3 1121 1120 1173
3 1121 1173 1169
3 1120 1119 1143
3 1120 1143 1173
3 1173 1143 1147
3 1173 1147 1174
3 1169 1173 1174
3 1169 1174 1170
3 1170 1174 1175
3 1170 1175 1176
3 1174 1147 1162
3 1174 1162 1175
3 1177 1165 1166
3 1177 1166 1178
3 1179 1177 1178
3 1179 1178 1180
3 1172 1171 1181
3 1172 1181 1182
3 1171 1170 1176
3 1171 1176 1181
3 1183 1179 1180
3 1183 1180 1184
3 1185 1183 1184
3 1185 1184 1186
3 224 223 1187
3 224 1187 1131
3 223 220 1188
3 223 1188 1187
3 1187 1188 1189
3 1187 1189 1190
3 1131 1187 1190
3 1131 1190 1132
3 220 219 1191
3 220 1191 1188
3 219 208 1192
3 219 1192 1191
3 1191 1192 1193
3 1191 1193 1194
3 1188 1191 1194
3 1188 1194 1189
3 1189 1194 1195
3 1189 1195 1196
3 1194 1193 1197
3 1194 1197 1195
3 1195 1197 1198
3 1195 1198 1199
3 1196 1195 1199
3 1196 1199 1200
3 1132 1190 1201
3 1132 1201 1136
3 1190 1189 1196
3 1190 1196 1201
3 1201 1196 1200
3 1201 1200 1202
3 1136 1201 1202
3 1136 1202 1137
3 208 207 1203
3 208 1203 1192
3 207 204 1204
3 207 1204 1203
3 1203 1204 1205
3 1203 1205 1206
3 1192 1203 1206
3 1192 1206 1193
3 204 203 1207
3 204 1207 1204
3 203 202 851
3 203 851 1207
3 1207 851 855
3 1207 855 1208
3 1204 1207 1208
3 1204 1208 1205
3 1205 1208 1209
3 1205 1209 1210
3 1208 855 867
3 1208 867 1209
3 1209 867 869
3 1209 869 1211
3 1210 1209 1211
3 1210 1211 1212
3 1193 1206 1213
3 1193 1213 1197
3 1206 1205 1210
3 1206 1210 1213
3 1213 1210 1212
3 1213 1212 1214
3 1197 1213 1214
3 1197 1214 1198
3 1198 1214 1215
3 1198 1215 1216
3 1214 1212 1217
3 1214 1217 1215
3 1215 1217 1218
3 1215 1218 1219
3 1216 1215 1219
3 1216 1219 1220
3 1212 1211 1221
3 1212 1221 1217
3 1211 869 912
3 1211 912 1221
3 1221 912 916
3 1221 916 1222
3 1217 1221 1222
3 1217 1222 1218
3 1218 1222 1223
3 1218 1223 1224
3 1222 916 926
3 1222 926 1223
3 1225 929 930
3 1225 930 1226
3 1227 1225 1226
3 1227 1226 1228
3 1220 1219 1229
3 1220 1229 1230
3 1219 1218 1224
3 1219 1224 1229
3 1231 1227 1228
3 1231 1228 1232
3 1233 1231 1232
3 1233 1232 1234
3 1137 1202 1235
3 1137 1235 1149
3 1202 1200 1236
3 1202 1236 1235
3 1235 1236 1237
3 1235 1237 1238
3 1149 1235 1238
3 1149 1238 1150
3 1200 1199 1239
3 1200 1239 1236
3 1199 1198 1216
3 1199 1216 1239
3 1239 1216 1220
3 1239 1220 1240
3 1236 1239 1240
3 1236 1240 1237
3 1237 1240 1241
3 1237 1241 1242
3 1240 1220 1230
3 1240 1230 1241
3 1243 1233 1234
3 1243 1234 1244
3 1245 1243 1244
3 1245 1244 1246
3 1150 1238 1247
3 1150 1247 1154
3 1238 1237 1242
3 1238 1242 1247
3 1248 1245 1246
3 1248 1246 1249
3 1156 1248 1249
3 1156 1249 1157
3 1157 1249 1250
3 1157 1250 1251
3 1249 1246 1252
3 1249 1252 1250
3 1250 1252 1253
3 1250 1253 1254
3 1251 1250 1254
3 1251 1254 1255
3 1246 1244 1256
3 1246 1256 1252
3 1244 1234 1257
3 1244 1257 1256
3 1256 1257 1258
3 1256 1258 1259
3 1252 1256 1259
3 1252 1259 1253
3 1253 1259 1260
3 1253 1260 1261
3 1259 1258 1262
3 1259 1262 1260
3 1260 1262 1263
3 1260 1263 1264
3 1261 1260 1264
3 1261 1264 1265
3 1255 1254 1266
3 1255 1266 1267
3 1254 1253 1261
3 1254 1261 1266
3 1266 1261 1265
3 1266 1265 1268
3 1267 1266 1268
3 1267 1268 1269
3 1234 1232 1270
3 1234 1270 1257
3 1232 1228 1271
3 1232 1271 1270
3 1270 1271 1272
3 1270 1272 1273
3 1257 1270 1273
3 1257 1273 1258
3 1228 1226 1274
3 1228 1274 1271
3 1226 930 1051
3 1226 1051 1274
3 1274 1051 1055
3 1274 1055 1275
3 1271 1274 1275
3 1271 1275 1272
3 1272 1275 1276
3 1272 1276 1277
3 1275 1055 1067
3 1275 1067 1276
3 1276 1067 1069
3 1276 1069 1278
3 1277 1276 1278
3 1277 1278 1279
3 1258 1273 1280
3 1258 1280 1262
3 1273 1272 1277
3 1273 1277 1280
3 1280 1277 1279
3 1280 1279 1281
3 1262 1280 1281
3 1262 1281 1263
3 1263 1281 1282
3 1263 1282 1283
3 1281 1279 1284
3 1281 1284 1282
3 1282 1284 1285
3 1282 1285 1286
3 1283 1282 1286
3 1283 1286 1287
3 1279 1278 1288
3 1279 1288 1284
3 1278 1069 1095
3 1278 1095 1288
3 1288 1095 1099
3 1288 1099 1289
3 1284 1288 1289
3 1284 1289 1285
3 1285 1289 1290
3 1285 1290 1291
3 1289 1099 1105
3 1289 1105 1290
3 1290 1105 849
3 1290 849 848
3 1291 1290 848
3 1291 848 845
3 1287 1286 1292
3 1287 1292 1293
3 1286 1285 1291
3 1286 1291 1292
3 1292 1291 845
3 1292 845 844
3 1293 1292 844
3 1293 844 833
3 1269 1268 1294
3 1269 1294 1295
3 1268 1265 1296
3 1268 1296 1294
3 1294 1296 1297
3 1294 1297 1298
3 1295 1294 1298
3 1295 1298 1299
3 1265 1264 1300
3 1265 1300 1296
3 1264 1263 1283
3 1264 1283 1300
3 1300 1283 1287
3 1300 1287 1301
3 1296 1300 1301
3 1296 1301 1297
3 1297 1301 1302
3 1297 1302 1303
3 1301 1287 1293
3 1301 1293 1302
3 1302 1293 833
3 1302 833 832
3 1303 1302 832
3 1303 832 829
3 1299 1298 1304
3 1299 1304 1305
3 1298 1297 1303
3 1298 1303 1304
3 1304 1303 829
3 1304 829 828
3 1305 1304 828
3 1305 828 785
3 1186 1184 1306
3 1186 1306 1307
3 1184 1180 1308
3 1184 1308 1306
3 1306 1308 1309
3 1306 1309 1310
3 1307 1306 1310
3 1307 1310 1311
3 1180 1178 1312
3 1180 1312 1308
3 1178 1166 1313
3 1178 1313 1312
3 1312 1313 1314
3 1312 1314 1315
3 1308 1312 1315
3 1308 1315 1309
3 1309 1315 1316
3 1309 1316 1317
3 1315 1314 1318
3 1315 1318 1316
3 1316 1318 1319
3 1316 1319 1320
3 1317 1316 1320
3 1317 1320 1321
3 1311 1310 1322
3 1311 1322 1323
3 1310 1309 1317
3 1310 1317 1322
3 1322 1317 1321
3 1322 1321 1324
3 1323 1322 1324
3 1323 1324 1325
3 1166 1164 1326
3 1166 1326 1313
3 1164 1160 1327
3 1164 1327 1326
3 1326 1327 1328
3 1326 1328 1329
3 1313 1326 1329
3 1313 1329 1314
3 1160 1158 1330
3 1160 1330 1327
3 1158 1157 1251
3 1158 1251 1330
3 1330 1251 1255
3 1330 1255 1331
3 1327 1330 1331
3 1327 1331 1328
3 1328 1331 1332
3 1328 1332 1333
3 1331 1255 1267
3 1331 1267 1332
3 1332 1267 1269
3 1332 1269 1334
3 1333 1332 1334
3 1333 1334 1335
3 1314 1329 1336
3 1314 1336 1318
3 1329 1328 1333
3 1329 1333 1336
3 1336 1333 1335
3 1336 1335 1337
3 1318 1336 1337
3 1318 1337 1319
3 1319 1337 1338
3 1319 1338 1339
3 1337 1335 1340
3 1337 1340 1338
3 1338 1340 1341
3 1338 1341 1342
3 1339 1338 1342
3 1339 1342 1343
3 1335 1334 1344
3 1335 1344 1340
3 1334 1269 1295
3 1334 1295 1344
3 1344 1295 1299
3 1344 1299 1345
3 1340 1344 1345
3 1340 1345 1341
3 1341 1345 1346
3 1341 1346 1347
3 1345 1299 1305
3 1345 1305 1346
3 1346 1305 785
3 1346 785 784
3 1347 1346 784
3 1347 784 781
3 1343 1342 1348
3 1343 1348 1349
3 1342 1341 1347
3 1342 1347 1348
3 1348 1347 781
3 1348 781 780
3 1349 1348 780
3 1349 780 769
3 1325 1324 1350
3 1325 1350 1351
3 1324 1321 1352
3 1324 1352 1350
3 1350 1352 1353
3 1350 1353 1354
3 1351 1350 1354
3 1351 1354 1355
3 1321 1320 1356
3 1321 1356 1352
3 1320 1319 1339
3 1320 1339 1356
3 1356 1339 1343
3 1356 1343 1357
3 1352 1356 1357
3 1352 1357 1353
3 1353 1357 1358
3 1353 1358 1359
3 1357 1343 1349
3 1357 1349 1358
3 1358 1349 769
3 1358 769 768
3 1359 1358 768
3 1359 768 765
3 1355 1354 1360
3 1355 1360 1361
3 1354 1353 1359
3 1354 1359 1360
3 1360 1359 765
3 1360 765 764
3 1361 1360 764
3 1361 764 763
3 288 1107 1362
3 288 1362 286
3 1107 1111 1363
3 1107 1363 1362
3 1362 1363 1364
3 1362 1364 1365
3 286 1362 1365
3 286 1365 278
3 1111 1123 1366
3 1111 1366 1363
3 1123 1125 1367
3 1123 1367 1366
3 1366 1367 1368
3 1366 1368 1369
3 1363 1366 1369
3 1363 1369 1364
3 1364 1369 1370
3 1364 1370 1371
3 1369 1368 1372
3 1369 1372 1370
3 1370 1372 1373
3 1370 1373 1374
3 1371 1370 1374
3 1371 1374 1375
3 278 1365 1376
3 278 1376 274
3 1365 1364 1371
3 1365 1371 1376
3 1376 1371 1375
3 1376 1375 1377
3 274 1376 1377
3 274 1377 244
3 1125 1168 1378
3 1125 1378 1367
3 1168 1172 1379
3 1168 1379 1378
3 1378 1379 1380
3 1378 1380 1381
3 1367 1378 1381
3 1367 1381 1368
3 1172 1182 1382
3 1172 1382 1379
3 1185 1186 1383
3 1185 1383 1384
3 1384 1383 1385
3 1384 1385 1386
3 1379 1382 1387
3 1379 1387 1380
3 1380 1387 1388
3 1380 1388 1389
3 1386 1385 1390
3 1386 1390 1391
3 1391 1390 1392
3 1391 1392 1393
3 1389 1388 1394
3 1389 1394 1395
3 1368 1381 1396
3 1368 1396 1372
3 1381 1380 1389
3 1381 1389 1396
3 1396 1389 1395
3 1396 1395 1397
3 1372 1396 1397
3 1372 1397 1373
3 1373 1397 1398
3 1373 1398 1399
3 1397 1395 1400
3 1397 1400 1398
3 1398 1400 1401
3 1398 1401 1402
3 1399 1398 1402
3 1399 1402 1403
3 1395 1394 1404
3 1395 1404 1400
3 1393 1392 1405
3 1393 1405 1406
3 1406 1405 1407
3 1406 1407 1408
3 1400 1404 1409
3 1400 1409 1401
3 1401 1409 1410
3 1401 1410 1411
3 1408 1407 1412
3 1408 1412 1413
3 1413 1412 1414
3 1413 1414 1415
3 1411 1410 1416
3 1411 1416 1417
3 1403 1402 1418
3 1403 1418 1419
3 1402 1401 1411
3 1402 1411 1418
3 1418 1411 1417
3 1418 1417 1420
3 1419 1418 1420
3 1419 1420 1421
3 244 1377 1422
3 244 1422 242
3 1377 1375 1423
3 1377 1423 1422
3 1422 1423 1424
3 1422 1424 1425
3 242 1422 1425
3 242 1425 230
3 1375 1374 1426
3 1375 1426 1423
3 1374 1373 1399
3 1374 1399 1426
3 1426 1399 1403
3 1426 1403 1427
3 1423 1426 1427
3 1423 1427 1424
3 1424 1427 1428
3 1424 1428 1429
3 1427 1403 1419
3 1427 1419 1428
3 1428 1419 1421
3 1428 1421 1430
3 1429 1428 1430
3 1429 1430 1431
3 230 1425 1432
3 230 1432 226
3 1425 1424 1429
3 1425 1429 1432
3 1432 1429 1431
3 1432 1431 1433
3 226 1432 1433
3 226 1433 80
3 1186 1307 1434
3 1186 1434 1383
3 1307 1311 1435
3 1307 1435 1434
3 1434 1435 1436
3 1434 1436 1437
3 1383 1434 1437
3 1383 1437 1385
3 1311 1323 1438
3 1311 1438 1435
3 1323 1325 1439
3 1323 1439 1438
3 1438 1439 1440
3 1438 1440 1441
3 1435 1438 1441
3 1435 1441 1436
3 1436 1441 1442
3 1436 1442 1443
3 1441 1440 1444
3 1441 1444 1442
3 1442 1444 1445
3 1442 1445 1446
3 1443 1442 1446
3 1443 1446 1447
3 1385 1437 1448
3 1385 1448 1390
3 1437 1436 1443
3 1437 1443 1448
3 1448 1443 1447
3 1448 1447 1449
3 1390 1448 1449
3 1390 1449 1392
3 1325 1351 1450
3 1325 1450 1439
3 1351 1355 1451
3 1351 1451 1450
3 1450 1451 1452
3 1450 1452 1453
3 1439 1450 1453
3 1439 1453 1440
3 1355 1361 1454
3 1355 1454 1451
3 1361 763 762
3 1361 762 1454
3 1454 762 758
3 1454 758 1455
3 1451 1454 1455
3 1451 1455 1452
3 1452 1455 1456
3 1452 1456 1457
3 1455 758 757
3 1455 757 1456
3 1456 757 745
3 1456 745 1458
3 1457 1456 1458
3 1457 1458 1459
3 1440 1453 1460
3 1440 1460 1444
3 1453 1452 1457
3 1453 1457 1460
3 1460 1457 1459
3 1460 1459 1461
3 1444 1460 1461
3 1444 1461 1445
3 1445 1461 1462
3 1445 1462 1463
3 1461 1459 1464
3 1461 1464 1462
3 1462 1464 1465
3 1462 1465 1466
3 1463 1462 1466
3 1463 1466 1467
3 1459 1458 1468
3 1459 1468 1464
3 1458 745 744
3 1458 744 1468
3 1468 744 740
3 1468 740 1469
3 1464 1468 1469
3 1464 1469 1465
3 1465 1469 1470
3 1465 1470 1471
3 1469 740 739
3 1469 739 1470
3 1470 739 695
3 1470 695 1472
3 1471 1470 1472
3 1471 1472 1473
3 1467 1466 1474
3 1467 1474 1475
3 1466 1465 1471
3 1466 1471 1474
3 1474 1471 1473
3 1474 1473 1476
3 1475 1474 1476
3 1475 1476 1477
3 1392 1449 1478
3 1392 1478 1405
3 1449 1447 1479
3 1449 1479 1478
3 1478 1479 1480
3 1478 1480 1481
3 1405 1478 1481
3 1405 1481 1407
3 1447 1446 1482
3 1447 1482 1479
3 1446 1445 1463
3 1446 1463 1482
3 1482 1463 1467
3 1482 1467 1483
3 1479 1482 1483
3 1479 1483 1480
3 1480 1483 1484
3 1480 1484 1485
3 1483 1467 1475
3 1483 1475 1484
3 1484 1475 1477
3 1484 1477 1486
3 1485 1484 1486
3 1485 1486 1487
3 1407 1481 1488
3 1407 1488 1412
3 1481 1480 1485
3 1481 1485 1488
3 1488 1485 1487
3 1488 1487 1489
3 1412 1488 1489
3 1412 1489 1414
3 1414 1489 1490
3 1414 1490 1491
3 1489 1487 1492
3 1489 1492 1490
3 1490 1492 1493
3 1490 1493 1494
3 1491 1490 1494
3 1491 1494 1495
3 1487 1486 1496
3 1487 1496 1492
3 1486 1477 1497
3 1486 1497 1496
3 1496 1497 1498
3 1496 1498 1499
3 1492 1496 1499
3 1492 1499 1493
3 1493 1499 1500
3 1493 1500 1501
3 1499 1498 1502
3 1499 1502 1500
3 1500 1502 1503
3 1500 1503 1504
3 1501 1500 1504
3 1501 1504 1505
3 1495 1494 1506
3 1495 1506 1507
3 1494 1493 1501
3 1494 1501 1506
3 1506 1501 1505
3 1506 1505 1508
3 1507 1506 1508
3 1507 1508 1509
3 1477 1476 1510
3 1477 1510 1497
3 1476 1473 1511
3 1476 1511 1510
3 1510 1511 1512
3 1510 1512 1513
3 1497 1510 1513
3 1497 1513 1498
3 1473 1472 1514
3 1473 1514 1511
3 1472 695 694
3 1472 694 1514
3 1514 694 690
3 1514 690 1515
3 1511 1514 1515
3 1511 1515 1512
3 1512 1515 1516
3 1512 1516 1517
3 1515 690 689
3 1515 689 1516
3 1516 689 677
3 1516 677 1518
3 1517 1516 1518
3 1517 1518 1519
3 1498 1513 1520
3 1498 1520 1502
3 1513 1512 1517
3 1513 1517 1520
3 1520 1517 1519
3 1520 1519 1521
3 1502 1520 1521
3 1502 1521 1503
3 1503 1521 1522
3 1503 1522 1523
3 1521 1519 1524
3 1521 1524 1522
3 1522 1524 1525
3 1522 1525 1526
3 1523 1522 1526
3 1523 1526 1527
3 1519 1518 1528
3 1519 1528 1524
3 1518 677 676
3 1518 676 1528
3 1528 676 672
3 1528 672 1529
3 1524 1528 1529
3 1524 1529 1525
3 1525 1529 1530
3 1525 1530 1531
3 1529 672 671
3 1529 671 1530
3 1530 671 491
3 1530 491 490
3 1531 1530 490
3 1531 490 486
3 1527 1526 1532
3 1527 1532 1533
3 1526 1525 1531
3 1526 1531 1532
3 1532 1531 486
3 1532 486 485
3 1533 1532 485
3 1533 485 473
3 1509 1508 1534
3 1509 1534 1535
3 1508 1505 1536
3 1508 1536 1534
3 1534 1536 1537
3 1534 1537 1538
3 1535 1534 1538
3 1535 1538 1539
3 1505 1504 1540
3 1505 1540 1536
3 1504 1503 1523
3 1504 1523 1540
3 1540 1523 1527
3 1540 1527 1541
3 1536 1540 1541
3 1536 1541 1537
3 1537 1541 1542
3 1537 1542 1543
3 1541 1527 1533
3 1541 1533 1542
3 1542 1533 473
3 1542 473 472
3 1543 1542 472
3 1543 472 468
3 1539 1538 1544
3 1539 1544 1545
3 1538 1537 1543
3 1538 1543 1544
3 1544 1543 468
3 1544 468 467
3 1545 1544 467
3 1545 467 417
3 80 1433 1546
3 80 1546 78
3 1433 1431 1547
3 1433 1547 1546
3 1546 1547 1548
3 1546 1548 1549
3 78 1546 1549
3 78 1549 70
3 1431 1430 1550
3 1431 1550 1547
3 1430 1421 1551
3 1430 1551 1550
3 1550 1551 1552
3 1550 1552 1553
3 1547 1550 1553
3 1547 1553 1548
3 1548 1553 1554
3 1548 1554 1555
3 1553 1552 1556
3 1553 1556 1554
3 1554 1556 1557
3 1554 1557 1558
3 1555 1554 1558
3 1555 1558 1559
3 70 1549 1560
3 70 1560 66
3 1549 1548 1555
3 1549 1555 1560
3 1560 1555 1559
3 1560 1559 1561
3 66 1560 1561
3 66 1561 24
3 1421 1420 1562
3 1421 1562 1551
3 1420 1417 1563
3 1420 1563 1562
3 1562 1563 1564
3 1562 1564 1565
3 1551 1562 1565
3 1551 1565 1552
3 1417 1416 1566
3 1417 1566 1563
3 1415 1414 1491
3 1415 1491 1567
3 1567 1491 1495
3 1567 1495 1568
3 1563 1566 1569
3 1563 1569 1564
3 1564 1569 1570
3 1564 1570 1571
3 1568 1495 1507
3 1568 1507 1572
3 1572 1507 1509
3 1572 1509 1573
3 1571 1570 1574
3 1571 1574 1575
3 1552 1565 1576
3 1552 1576 1556
3 1565 1564 1571
3 1565 1571 1576
3 1576 1571 1575
3 1576 1575 1577
3 1556 1576 1577
3 1556 1577 1557
3 1557 1577 1578
3 1557 1578 1579
3 1577 1575 1580
3 1577 1580 1578
3 1578 1580 1581
3 1578 1581 1582
3 1579 1578 1582
3 1579 1582 1583
3 1575 1574 1584
3 1575 1584 1580
3 1573 1509 1535
3 1573 1535 1585
3 1585 1535 1539
3 1585 1539 1586
3 1580 1584 1587
3 1580 1587 1581
3 1581 1587 1588
3 1581 1588 1589
3 1586 1539 1545
3 1586 1545 1590
3 1590 1545 417
3 1590 417 416
3 1589 1588 414
3 1589 414 410
3 1583 1582 1591
3 1583 1591 1592
3 1582 1581 1589
3 1582 1589 1591
3 1591 1589 410
3 1591 410 409
3 1592 1591 409
3 1592 409 397
3 24 1561 1593
3 24 1593 22
3 1561 1559 1594
3 1561 1594 1593
3 1593 1594 1595
3 1593 1595 1596
3 22 1593 1596
3 22 1596 8
3 1559 1558 1597
3 1559 1597 1594
3 1558 1557 1579
3 1558 1579 1597
3 1597 1579 1583
3 1597 1583 1598
3 1594 1597 1598
3 1594 1598 1595
3 1595 1598 1599
3 1595 1599 1600
3 1598 1583 1592
3 1598 1592 1599
3 1599 1592 397
3 1599 397 396
3 1600 1599 396
3 1600 396 392
3 8 1596 1601
3 8 1601 3
3 1596 1595 1600
3 1596 1600 1601
3 1601 1600 392
3 1601 392 391
3 3 1601 391
3 3 391 0
