40
38

-0.29029 1.56983 -0.45798
0.07339 1.74511 -0.73272
-0.07100 1.75054 -0.71854
-0.19442 1.55633 -0.52179
-0.42123 1.46379 -0.20597
-0.37182 1.44721 -0.30172
-0.41916 1.35118 0.03738
-0.42355 1.34724 -0.06431
-0.30954 1.18018 0.24961
-0.35752 1.18871 0.16858
-0.12908 1.03138 0.34263
-0.20432 1.03814 0.29900
0.06001 0.90128 0.30492
-0.01378 0.90417 0.30391
0.21211 0.80846 0.25710
0.14897 0.81266 0.29107
0.28410 0.69057 0.12886
0.24917 0.69477 0.18280
0.28063 0.57938 -0.00822
0.27619 0.58235 0.04888
0.21615 0.48136 -0.11867
0.23645 0.48209 -0.07252
0.11611 0.36245 -0.17885
0.15158 0.36625 -0.15199
0.01465 0.28640 -0.16747
0.05331 0.28564 -0.16104
-0.06263 0.24870 -0.13858
-0.03030 0.24638 -0.14950
-0.10643 0.18665 -0.07511
-0.08630 0.18445 -0.09682
-0.11294 0.13018 -0.00985
-0.10666 0.12845 -0.03441
-0.07129 0.07717 0.03369
-0.07556 0.07648 0.01693
-0.03678 0.02994 0.04738
-0.04535 0.03022 0.03809
-0.01070 -0.00997 0.03989
-0.01885 -0.00966 0.03718
0.47535 1.88470 -0.72371
0.32610 1.88602 -0.79146
3 0 1 3
3 0 2 1
3 4 0 3
3 4 3 5
3 6 4 5
3 6 5 7
3 8 6 7
3 10 8 9
3 8 7 9
3 10 9 11
3 12 10 11
3 12 11 13
3 14 12 13
3 14 13 15
3 16 14 15
3 18 16 17
3 16 15 17
3 18 17 19
3 20 18 19
3 20 19 21
3 22 20 21
3 22 21 23
3 24 22 23
3 26 24 25
3 24 23 25
3 26 25 27
3 28 26 27
3 28 27 29
3 30 28 29
3 30 29 31
3 32 30 31
3 34 32 33
3 32 31 33
3 34 33 35
3 36 34 35
3 36 35 37
3 2 38 1
3 2 39 38
