209
398

-0.00000 -2.30030 -0.00000
0.00000 -1.00000 -1.00000
1.62656 -0.33164 -0.00000
0.70711 -0.70711 -1.00000
2.30030 0.00000 -0.00000
1.00000 0.00000 -1.00000
0.81302 0.90384 -0.00000
0.70711 0.70711 -1.00000
-0.00000 2.30030 -0.00000
-0.00000 1.00000 -1.00000
-0.82252 0.90334 -0.00000
-0.70711 0.70711 -1.00000
-2.30030 -0.00000 -0.00000
-1.00000 -0.00000 -1.00000
-1.18505 -0.89522 -0.00000
-0.70711 -0.70711 -1.00000
0.09729 -0.88181 -2.59525
0.70538 -0.61391 -2.51117
0.94897 0.00952 -2.48645
0.68535 0.62329 -2.53556
0.06896 0.86785 -2.62973
-0.53913 0.59995 -2.71381
-0.78271 -0.02348 -2.73854
-0.51909 -0.63725 -2.68943
0.43143 -1.25666 -0.00000
0.29951 -0.91161 -4.37029
0.91534 -0.68209 -4.49948
1.19351 -0.07491 -4.55023
0.97107 0.55424 -4.49283
0.37832 0.83683 -4.36089
-0.23751 0.60731 -4.23171
-0.51568 0.00014 -4.18095
-0.29324 -0.62902 -4.23836
0.05689 -0.57559 -5.56152
0.44870 -0.42956 -5.64371
0.62568 -0.04327 -5.67600
0.48415 0.35702 -5.63948
0.10703 0.53680 -5.55553
-0.28477 0.39078 -5.47335
-0.46175 0.00448 -5.44105
-0.32022 -0.39580 -5.47758
-1.24674 0.41455 -2.65470
0.01767 1.33318 -3.62061
-1.72969 1.90094 -3.62061
-2.80963 0.41455 -3.62062
-1.72969 -1.07185 -3.62061
0.01767 -0.50409 -3.62061
-0.76379 1.90094 -5.18353
-2.51115 1.33318 -5.18353
-2.51115 -0.50409 -5.18353
-0.76379 -1.07185 -5.18353
0.31616 0.41455 -5.18352
-1.24674 0.41455 -6.14944
-1.53061 1.28822 -2.91566
-0.50354 0.95450 -2.91566
-0.78741 1.82819 -3.48341
0.23966 0.41455 -3.48341
-0.50354 -0.12541 -2.91566
-2.16538 0.41455 -2.91567
-2.44926 1.28823 -3.48341
-1.53061 -0.45913 -2.91566
-2.44926 -0.45913 -3.48341
-0.78741 -0.99910 -3.48341
0.41511 0.95451 -4.40207
0.41511 -0.12541 -4.40207
-1.24674 2.16192 -4.40207
-0.21966 1.82820 -4.40207
-2.90859 0.95451 -4.40207
-2.27382 1.82820 -4.40207
-2.27382 -0.99911 -4.40207
-2.90859 -0.12541 -4.40207
-0.21966 -0.99911 -4.40207
-1.24674 -1.33282 -4.40207
-0.04422 1.28823 -5.32073
-1.70607 1.82819 -5.32073
-2.73313 0.41455 -5.32072
-1.70607 -0.99910 -5.32073
-0.04422 -0.45913 -5.32073
-0.96287 1.28822 -5.88848
-0.32809 0.41455 -5.88847
-1.98994 0.95450 -5.88848
-1.98994 -0.12541 -5.88848
-0.96287 -0.45913 -5.88848
1.90123 0.36963 -2.52846
3.16564 1.28826 -3.49437
1.41828 1.85603 -3.49437
0.33834 0.36963 -3.49438
1.41828 -1.11677 -3.49437
3.16564 -0.54901 -3.49437
2.38418 1.85603 -5.05729
0.63682 1.28826 -5.05729
0.63682 -0.54901 -5.05729
2.38418 -1.11677 -5.05729
3.46413 0.36963 -5.05728
1.90123 0.36963 -6.02320
1.61736 1.24330 -2.78942
2.64443 0.90958 -2.78942
2.36056 1.78327 -3.35717
3.38763 0.36963 -3.35717
2.64443 -0.17033 -2.78942
0.98259 0.36963 -2.78942
0.69871 1.24331 -3.35717
1.61736 -0.50405 -2.78942
0.69871 -0.50405 -3.35717
2.36056 -1.04402 -3.35717
3.56308 0.90959 -4.27583
3.56308 -0.17033 -4.27583
1.90123 2.11700 -4.27583
2.92831 1.78328 -4.27583
0.23938 0.90959 -4.27583
0.87415 1.78328 -4.27583
0.87415 -1.04402 -4.27583
0.23938 -0.17033 -4.27583
2.92831 -1.04402 -4.27583
1.90123 -1.37774 -4.27583
3.10375 1.24331 -5.19449
1.44190 1.78327 -5.19449
0.41484 0.36963 -5.19448
1.44190 -1.04402 -5.19449
3.10375 -0.50405 -5.19449
2.18510 1.24330 -5.76224
2.81988 0.36963 -5.76223
1.15804 0.90958 -5.76224
1.15804 -0.17033 -5.76224
2.18510 -0.50405 -5.76224
0.31978 -0.35840 -4.19490
1.58419 0.56023 -5.16082
-0.16317 1.12799 -5.16082
-1.24312 -0.35840 -5.16082
-0.16317 -1.84481 -5.16082
1.58419 -1.27704 -5.16082
0.80273 1.12799 -6.72373
-0.94463 0.56023 -6.72373
-0.94463 -1.27704 -6.72373
0.80273 -1.84481 -6.72373
1.88267 -0.35840 -6.72373
0.31978 -0.35840 -7.68964
0.03591 0.51527 -4.45587
1.06297 0.18155 -4.45587
0.77911 1.05524 -5.02362
1.80617 -0.35840 -5.02362
1.06297 -0.89836 -4.45587
-0.59887 -0.35840 -4.45587
-0.88274 0.51528 -5.02362
0.03591 -1.23208 -4.45587
-0.88274 -1.23208 -5.02362
0.77911 -1.77205 -5.02362
1.98163 0.18155 -5.94228
1.98163 -0.89837 -5.94228
0.31978 1.38897 -5.94228
1.34686 1.05525 -5.94228
-1.34207 0.18155 -5.94228
-0.70730 1.05525 -5.94228
-0.70730 -1.77206 -5.94228
-1.34207 -0.89837 -5.94228
1.34686 -1.77206 -5.94228
0.31978 -2.10578 -5.94228
1.52230 0.51528 -6.86093
-0.13955 1.05524 -6.86093
-1.16662 -0.35840 -6.86093
-0.13955 -1.77205 -6.86093
1.52230 -1.23208 -6.86093
0.60365 0.51527 -7.42868
1.23842 -0.35840 -7.42868
-0.42342 0.18155 -7.42868
-0.42342 -0.89836 -7.42868
0.60365 -1.23208 -7.42868
0.14298 -1.56850 -2.37251
1.40739 -0.64986 -3.33842
-0.33997 -0.08210 -3.33842
-1.41991 -1.56850 -3.33843
-0.33997 -3.05490 -3.33842
1.40739 -2.48713 -3.33842
0.62594 -0.08210 -4.90134
-1.12143 -0.64986 -4.90134
-1.12143 -2.48713 -4.90134
0.62594 -3.05490 -4.90134
1.70588 -1.56850 -4.90133
0.14298 -1.56850 -5.86725
-0.14089 -0.69482 -2.63347
0.88618 -1.02854 -2.63347
0.60231 -0.15485 -3.20122
1.62938 -1.56850 -3.20123
0.88618 -2.10845 -2.63347
-0.77566 -1.56850 -2.63348
-1.05954 -0.69482 -3.20123
-0.14089 -2.44217 -2.63347
-1.05954 -2.44218 -3.20123
0.60231 -2.98214 -3.20122
1.80483 -1.02854 -4.11988
1.80483 -2.10846 -4.11988
0.14298 0.17887 -4.11988
1.17006 -0.15485 -4.11988
-1.51887 -1.02854 -4.11988
-0.88410 -0.15485 -4.11988
-0.88410 -2.98215 -4.11988
-1.51887 -2.10846 -4.11988
1.17006 -2.98215 -4.11988
0.14298 -3.31587 -4.11988
1.34550 -0.69482 -5.03854
-0.31635 -0.15485 -5.03854
-1.34341 -1.56850 -5.03854
-0.31635 -2.98214 -5.03854
1.34550 -2.44218 -5.03854
0.42685 -0.69482 -5.60629
1.06163 -1.56850 -5.60628
-0.60021 -1.02854 -5.60629
-0.60021 -2.10845 -5.60629
0.42685 -2.44217 -5.60629
3 0 1 24
3 2 5 4
3 5 6 4
3 6 9 8
3 9 10 8
3 10 13 12
3 7 18 19
3 13 14 12
3 14 1 0
3 24 6 10
3 23 31 32
3 13 21 22
3 9 19 20
3 13 23 15
3 5 17 18
3 11 20 21
3 15 16 1
3 1 17 3
3 25 40 33
3 24 3 2
3 3 24 1
3 20 30 21
3 18 28 19
3 17 25 26
3 16 32 25
3 21 31 22
3 19 29 20
3 18 26 27
3 39 37 35
3 31 38 39
3 28 37 29
3 26 35 27
3 31 40 32
3 30 37 38
3 27 36 28
3 25 34 26
3 41 54 53
3 42 54 56
3 41 53 58
3 41 58 60
3 41 60 57
3 42 56 63
3 43 55 65
3 44 59 67
3 45 61 69
3 46 62 71
3 42 63 66
3 43 65 68
3 44 67 70
3 45 69 72
3 46 71 64
3 47 73 78
3 48 74 80
3 49 75 81
3 50 76 82
3 51 77 79
3 79 82 52
3 79 77 82
3 77 50 82
3 82 81 52
3 82 76 81
3 76 49 81
3 81 80 52
3 81 75 80
3 75 48 80
3 80 78 52
3 80 74 78
3 74 47 78
3 78 79 52
3 78 73 79
3 73 51 79
3 64 77 51
3 64 71 77
3 71 50 77
3 72 76 50
3 72 69 76
3 69 49 76
3 70 75 49
3 70 67 75
3 67 48 75
3 68 74 48
3 68 65 74
3 65 47 74
3 66 73 47
3 66 63 73
3 63 51 73
3 71 72 50
3 71 62 72
3 62 45 72
3 69 70 49
3 69 61 70
3 61 44 70
3 67 68 48
3 67 59 68
3 59 43 68
3 65 66 47
3 65 55 66
3 55 42 66
3 63 64 51
3 63 56 64
3 56 46 64
3 57 62 46
3 57 60 62
3 60 45 62
3 60 61 45
3 60 58 61
3 58 44 61
3 58 59 44
3 58 53 59
3 53 43 59
3 56 57 46
3 56 54 57
3 54 41 57
3 53 55 43
3 53 54 55
3 54 42 55
3 83 96 95
3 84 96 98
3 83 95 100
3 83 100 102
3 83 102 99
3 84 98 105
3 85 97 107
3 86 101 109
3 87 103 111
3 88 104 113
3 84 105 108
3 85 107 110
3 86 109 112
3 87 111 114
3 88 113 106
3 89 115 120
3 90 116 122
3 91 117 123
3 92 118 124
3 93 119 121
3 121 124 94
3 121 119 124
3 119 92 124
3 124 123 94
3 124 118 123
3 118 91 123
3 123 122 94
3 123 117 122
3 117 90 122
3 122 120 94
3 122 116 120
3 116 89 120
3 120 121 94
3 120 115 121
3 115 93 121
3 106 119 93
3 106 113 119
3 113 92 119
3 114 118 92
3 114 111 118
3 111 91 118
3 112 117 91
3 112 109 117
3 109 90 117
3 110 116 90
3 110 107 116
3 107 89 116
3 108 115 89
3 108 105 115
3 105 93 115
3 113 114 92
3 113 104 114
3 104 87 114
3 111 112 91
3 111 103 112
3 103 86 112
3 109 110 90
3 109 101 110
3 101 85 110
3 107 108 89
3 107 97 108
3 97 84 108
3 105 106 93
3 105 98 106
3 98 88 106
3 99 104 88
3 99 102 104
3 102 87 104
3 102 103 87
3 102 100 103
3 100 86 103
3 100 101 86
3 100 95 101
3 95 85 101
3 98 99 88
3 98 96 99
3 96 83 99
3 95 97 85
3 95 96 97
3 96 84 97
3 125 138 137
3 126 138 140
3 125 137 142
3 125 142 144
3 125 144 141
3 126 140 147
3 127 139 149
3 128 143 151
3 129 145 153
3 130 146 155
3 126 147 150
3 127 149 152
3 128 151 154
3 129 153 156
3 130 155 148
3 131 157 162
3 132 158 164
3 133 159 165
3 134 160 166
3 135 161 163
3 163 166 136
3 163 161 166
3 161 134 166
3 166 165 136
3 166 160 165
3 160 133 165
3 165 164 136
3 165 159 164
3 159 132 164
3 164 162 136
3 164 158 162
3 158 131 162
3 162 163 136
3 162 157 163
3 157 135 163
3 148 161 135
3 148 155 161
3 155 134 161
3 156 160 134
3 156 153 160
3 153 133 160
3 154 159 133
3 154 151 159
3 151 132 159
3 152 158 132
3 152 149 158
3 149 131 158
3 150 157 131
3 150 147 157
3 147 135 157
3 155 156 134
3 155 146 156
3 146 129 156
3 153 154 133
3 153 145 154
3 145 128 154
3 151 152 132
3 151 143 152
3 143 127 152
3 149 150 131
3 149 139 150
3 139 126 150
3 147 148 135
3 147 140 148
3 140 130 148
3 141 146 130
3 141 144 146
3 144 129 146
3 144 145 129
3 144 142 145
3 142 128 145
3 142 143 128
3 142 137 143
3 137 127 143
3 140 141 130
3 140 138 141
3 138 125 141
3 137 139 127
3 137 138 139
3 138 126 139
3 167 180 179
3 168 180 182
3 167 179 184
3 167 184 186
3 167 186 183
3 168 182 189
3 169 181 191
3 170 185 193
3 171 187 195
3 172 188 197
3 168 189 192
3 169 191 194
3 170 193 196
3 171 195 198
3 172 197 190
3 173 199 204
3 174 200 206
3 175 201 207
3 176 202 208
3 177 203 205
3 205 208 178
3 205 203 208
3 203 176 208
3 208 207 178
3 208 202 207
3 202 175 207
3 207 206 178
3 207 201 206
3 201 174 206
3 206 204 178
3 206 200 204
3 200 173 204
3 204 205 178
3 204 199 205
3 199 177 205
3 190 203 177
3 190 197 203
3 197 176 203
3 198 202 176
3 198 195 202
3 195 175 202
3 196 201 175
3 196 193 201
3 193 174 201
3 194 200 174
3 194 191 200
3 191 173 200
3 192 199 173
3 192 189 199
3 189 177 199
3 197 198 176
3 197 188 198
3 188 171 198
3 195 196 175
3 195 187 196
3 187 170 196
3 193 194 174
3 193 185 194
3 185 169 194
3 191 192 173
3 191 181 192
3 181 168 192
3 189 190 177
3 189 182 190
3 182 172 190
3 183 188 172
3 183 186 188
3 186 171 188
3 186 187 171
3 186 184 187
3 184 170 187
3 184 185 170
3 184 179 185
3 179 169 185
3 182 183 172
3 182 180 183
3 180 167 183
3 179 181 169
3 179 180 181
3 180 168 181
3 2 3 5
3 5 7 6
3 6 7 9
3 9 11 10
3 10 11 13
3 7 5 18
3 13 15 14
3 14 15 1
3 14 0 24
3 2 4 6
3 14 24 10
3 24 2 6
3 10 12 14
3 6 8 10
3 23 22 31
3 13 11 21
3 9 7 19
3 13 22 23
3 5 3 17
3 11 9 20
3 15 23 16
3 1 16 17
3 25 32 40
3 20 29 30
3 18 27 28
3 17 16 25
3 16 23 32
3 21 30 31
3 19 28 29
3 18 17 26
3 35 34 33
3 33 40 35
3 40 39 35
3 39 38 37
3 37 36 35
3 31 30 38
3 28 36 37
3 26 34 35
3 31 39 40
3 30 29 37
3 27 35 36
3 25 33 34
