640
1178

0.03840 -0.01415 -0.02328
0.07185 0.02347 0.00034
0.07054 0.02405 0.01279
0.04161 -0.01391 -0.01544
0.09114 0.06977 0.04888
0.08126 0.07068 0.06308
0.08736 0.12559 0.12537
0.06430 0.12711 0.13680
0.02354 0.19103 0.17613
-0.00651 0.19305 0.17450
-0.06922 0.26620 0.18721
-0.09868 0.26785 0.16870
-0.16505 0.37159 0.14722
-0.18470 0.36572 0.11332
-0.23797 0.43564 0.03777
-0.23903 0.42580 -0.00611
-0.25519 0.51200 -0.08672
-0.23196 0.50772 -0.13100
-0.19862 0.59715 -0.23149
-0.15261 0.59233 -0.26231
-0.06797 0.68810 -0.34278
-0.00708 0.68428 -0.34857
0.11550 0.79758 -0.38722
0.17768 0.79560 -0.36143
0.29338 0.94470 -0.32323
0.33743 0.93842 -0.26971
0.46551 1.05445 -0.17352
0.48117 1.04707 -0.09393
0.52990 1.16667 0.07146
0.50373 1.15918 0.15624
0.47471 1.32872 0.29687
0.40659 1.33354 0.36489
0.29618 1.55326 0.49504
0.19666 1.56140 0.52440
0.02474 1.73062 0.56177
-0.08538 1.72915 0.53855
-0.33735 1.83071 0.61699
-0.44648 1.82762 0.52483
0.03373 -0.01433 -0.03039
0.07072 0.02294 -0.01220
0.09803 0.06883 0.03289
0.10787 0.12395 0.10949
0.05363 0.18929 0.17161
-0.03635 0.26417 0.19969
-0.13880 0.37595 0.17725
-0.22810 0.44487 0.08078
-0.26979 0.51538 -0.03824
-0.23821 0.60225 -0.19204
-0.12731 0.69268 -0.32524
0.04875 0.80011 -0.40100
0.23984 0.95056 -0.36772
0.43499 1.06208 -0.24927
0.53985 1.17510 -0.01706
0.52909 1.32420 0.21745
0.38844 1.54280 0.44758
0.13761 1.72817 0.56352
-0.21195 1.83199 0.68660
0.02770 -0.01444 -0.03652
0.06715 0.02249 -0.02440
0.10168 0.06791 0.01573
0.12490 0.12220 0.08981
0.08243 0.18719 0.16106
-0.00130 0.26187 0.20542
-0.10676 0.37873 0.20197
-0.20965 0.45292 0.12158
-0.27462 0.51862 0.01269
-0.26983 0.60696 -0.14504
-0.18273 0.69783 -0.29621
-0.02030 0.80328 -0.40166
0.17824 0.95578 -0.40150
0.39003 1.06943 -0.31854
0.53249 1.18401 -0.10657
0.56735 1.31985 0.12888
0.46987 1.53036 0.38304
0.24896 1.72169 0.54343
-0.07483 1.83151 0.73077
0.02053 -0.01445 -0.04140
0.06121 0.02217 -0.03576
0.10189 0.06705 -0.00196
0.13780 0.12048 0.06697
0.10870 0.18490 0.14490
0.03448 0.25911 0.20408
-0.07009 0.37953 0.22019
-0.18332 0.45887 0.15879
-0.26920 0.52155 0.06399
-0.29194 0.61084 -0.09238
-0.23168 0.70335 -0.25659
-0.08898 0.80709 -0.38855
0.11044 0.96003 -0.42306
0.33192 1.07629 -0.37831
0.50779 1.19296 -0.19315
0.58793 1.31555 0.03397
0.53738 1.51543 0.30376
0.35443 1.71112 0.50189
0.06894 1.82930 0.74748
0.01248 -0.01439 -0.04482
0.05310 0.02197 -0.04583
0.09861 0.06630 -0.01946
0.14595 0.11899 0.04183
0.13136 0.18272 0.12364
0.06935 0.25640 0.19551
-0.03043 0.37837 0.23101
-0.14976 0.46309 0.19073
-0.25385 0.52376 0.11378
-0.30370 0.61429 -0.03582
-0.27284 0.70845 -0.20778
-0.15472 0.81131 -0.36203
0.03884 0.96336 -0.43142
0.26331 1.08261 -0.42587
0.46700 1.20176 -0.27326
0.58997 1.31147 -0.06385
0.58821 1.49855 0.21252
0.44954 1.69680 0.44007
0.21309 1.82543 0.73580
0.00387 -0.01422 -0.04660
0.04314 0.02193 -0.05416
0.09192 0.06577 -0.03605
0.14897 0.11765 0.01539
0.14942 0.18054 0.09811
0.10199 0.25372 0.17991
0.01092 0.37547 0.23381
-0.11000 0.46560 0.21567
-0.22881 0.52459 0.15984
-0.30399 0.61744 0.02276
-0.30419 0.71275 -0.15143
-0.21428 0.81577 -0.32303
-0.03357 0.96609 -0.42566
0.18676 1.08824 -0.45975
0.41141 1.21055 -0.34512
0.57362 1.30891 -0.16126
0.62110 1.48235 0.11316
0.53178 1.68203 0.36155
0.35259 1.81984 0.69590
-0.00498 -0.01391 -0.04664
0.03166 0.02212 -0.06040
0.08208 0.06554 -0.05106
0.14665 0.11663 -0.01128
0.16204 0.17861 0.06932
0.13100 0.25086 0.15779
0.05230 0.37091 0.22820
-0.06562 0.46560 0.23260
-0.19481 0.52401 0.20039
-0.29226 0.62015 0.08062
-0.32380 0.71678 -0.08920
-0.26465 0.81963 -0.27345
-0.10359 0.96779 -0.40543
0.10408 1.09256 -0.47825
0.34206 1.21842 -0.40532
0.53810 1.30690 -0.25439
0.63369 1.46559 0.00868
0.59679 1.66472 0.26785
0.48167 1.81186 0.62863
-0.01372 -0.01359 -0.04493
0.01912 0.02232 -0.06429
0.06941 0.06543 -0.06391
0.13909 0.11576 -0.03696
0.16867 0.17699 0.03843
0.15508 0.24850 0.13004
0.09182 0.36520 0.21412
-0.01839 0.46349 0.24026
-0.15373 0.51994 0.22880
-0.26865 0.62234 0.13525
-0.33004 0.72042 -0.02399
-0.30442 0.82278 -0.21440
-0.16845 0.96813 -0.37115
0.01857 1.09536 -0.47971
0.26158 1.22468 -0.45066
0.48416 1.30511 -0.33905
0.62479 1.44820 -0.09675
0.64124 1.64458 0.16269
0.59399 1.80060 0.53558
-0.02199 -0.01330 -0.04150
0.00600 0.02253 -0.06563
0.05437 0.06531 -0.07409
0.12654 0.11482 -0.06077
0.16902 0.17515 0.00682
0.17317 0.24568 0.09797
0.12754 0.35772 0.19263
0.02944 0.45870 0.23877
-0.10582 0.51740 0.25333
-0.23522 0.62212 0.18498
-0.32378 0.72341 0.04139
-0.33281 0.82559 -0.14833
-0.22650 0.96684 -0.32544
-0.06596 1.09793 -0.46466
0.17193 1.22513 -0.48567
0.41489 1.30523 -0.41281
0.59598 1.43323 -0.19956
0.66487 1.62583 0.05057
0.68756 1.79230 0.42370
-0.02943 -0.01295 -0.03647
-0.00718 0.02285 -0.06435
0.03757 0.06538 -0.08111
0.10947 0.11417 -0.08165
0.16303 0.17362 -0.02422
0.18441 0.24300 0.06289
0.15801 0.34888 0.16437
0.07604 0.45196 0.22761
-0.05377 0.51393 0.26770
-0.19232 0.62082 0.22715
-0.30442 0.72573 0.10495
-0.34792 0.82798 -0.07720
-0.27512 0.96400 -0.26922
-0.14623 1.09954 -0.43339
0.07886 1.22966 -0.49810
0.33218 1.30716 -0.47257
0.54782 1.42109 -0.29613
0.66667 1.60893 -0.06425
0.75874 1.78588 0.29586
-0.03563 -0.01220 -0.03002
-0.01975 0.02386 -0.06039
0.01980 0.06635 -0.08455
0.08864 0.11484 -0.09857
0.15093 0.17340 -0.05338
0.18821 0.24181 0.02618
0.18167 0.34067 0.12997
0.11928 0.44482 0.20629
0.00074 0.51019 0.27044
-0.14057 0.61937 0.25888
-0.27103 0.72721 0.16318
-0.34642 0.83006 -0.00368
-0.30993 0.95937 -0.20338
-0.21842 1.09733 -0.38561
-0.01466 1.23171 -0.48840
0.23802 1.30744 -0.51236
0.47909 1.40782 -0.37958
0.64275 1.58835 -0.17544
0.79899 1.77233 0.15589
-0.04040 -0.01149 -0.02244
-0.03126 0.02492 -0.05398
0.00172 0.06743 -0.08428
0.06492 0.11580 -0.11095
0.13332 0.17358 -0.07944
0.18457 0.24097 -0.01043
0.19768 0.33193 0.09162
0.15684 0.43634 0.17687
0.05470 0.50594 0.26203
-0.08332 0.61708 0.27957
-0.22694 0.72643 0.21420
-0.33030 0.83171 0.06855
-0.33135 0.95394 -0.13194
-0.28035 1.09394 -0.32474
-0.10468 1.23233 -0.46166
0.13780 1.30957 -0.53362
0.39556 1.39875 -0.44909
0.59883 1.57154 -0.27950
0.81271 1.76225 0.01129
-0.04353 -0.01083 -0.01406
-0.04129 0.02581 -0.04540
-0.01596 0.06835 -0.08042
0.03926 0.11655 -0.11838
0.11092 0.17364 -0.10147
0.17379 0.23997 -0.04532
0.20547 0.32251 0.05109
0.18730 0.42642 0.14095
0.10572 0.50123 0.24294
-0.02313 0.61368 0.28854
-0.17338 0.72473 0.25563
-0.30017 0.83281 0.13649
-0.33847 0.94811 -0.05736
-0.32982 1.08957 -0.25270
-0.18884 1.23130 -0.41869
0.03543 1.31332 -0.53516
0.30078 1.39391 -0.50149
0.53600 1.55830 -0.37398
0.79933 1.75520 -0.13345
-0.04490 -0.01025 -0.00522
-0.04928 0.02666 -0.03493
-0.03239 0.06948 -0.07311
0.01277 0.11773 -0.12049
0.08467 0.17424 -0.11850
0.15628 0.23954 -0.07718
0.20463 0.31376 0.00989
0.20942 0.41638 0.09957
0.15159 0.49728 0.21347
0.03769 0.60888 0.28498
-0.11200 0.72238 0.28483
-0.25678 0.83164 0.19724
-0.32962 0.94187 0.01754
-0.36337 1.08362 -0.17159
-0.26242 1.22818 -0.35922
-0.06468 1.31710 -0.51553
0.19745 1.39162 -0.53357
0.45514 1.54666 -0.45424
0.75681 1.74745 -0.27253
-0.04444 -0.00974 0.00369
-0.05494 0.02755 -0.02310
-0.04691 0.07081 -0.06267
-0.01349 0.11930 -0.11723
0.05572 0.17537 -0.12980
0.13284 0.23970 -0.10468
0.19537 0.30589 -0.03001
0.22234 0.40629 0.05483
0.19003 0.49347 0.17546
0.09640 0.60379 0.26878
-0.04604 0.71950 0.30042
-0.20155 0.82958 0.24779
-0.30524 0.93550 0.08926
-0.37952 1.07661 -0.08505
-0.32264 1.22344 -0.28591
-0.15855 1.32133 -0.47641
0.08959 1.39276 -0.54501
0.35990 1.53841 -0.51768
0.68810 1.74143 -0.40062
-0.04220 -0.00936 0.01230
-0.05807 0.02837 -0.01046
-0.05899 0.07215 -0.04956
-0.03841 0.12109 -0.10875
0.02536 0.17673 -0.13493
0.10462 0.24038 -0.12673
0.17834 0.29901 -0.06693
0.22577 0.39635 0.00876
0.21966 0.49012 0.13076
0.15031 0.59884 0.24089
0.02136 0.71555 0.30241
-0.13725 0.82708 0.28604
-0.26751 0.92844 0.15497
-0.37806 1.06974 0.00316
-0.36769 1.21796 -0.20206
-0.24307 1.32667 -0.41999
-0.01876 1.39823 -0.53602
0.25406 1.53486 -0.56258
0.59663 1.73893 -0.51363
-0.03830 -0.00909 0.02023
-0.05859 0.02909 0.00249
-0.06816 0.07340 -0.03438
-0.06093 0.12287 -0.09552
-0.00524 0.17820 -0.13397
0.07282 0.24130 -0.14265
0.15442 0.29329 -0.09957
0.21966 0.38690 -0.03680
0.23943 0.48734 0.08140
0.19678 0.59410 0.20279
0.08734 0.71014 0.29079
-0.06671 0.82432 0.30971
-0.21709 0.92074 0.21175
-0.35802 1.06258 0.08918
-0.39452 1.21112 -0.11054
-0.31482 1.33186 -0.34701
-0.12314 1.40656 -0.50540
0.14119 1.53450 -0.58577
0.48452 1.73738 -0.60617
-0.03294 -0.00909 0.02717
-0.05654 0.02973 0.01523
-0.07408 0.07456 -0.01779
-0.08025 0.12467 -0.07820
-0.03484 0.18009 -0.12699
0.03884 0.24266 -0.15186
0.12466 0.28909 -0.12670
0.20455 0.37858 -0.07992
0.24878 0.48494 0.02954
0.23381 0.58955 0.15671
0.14896 0.70472 0.26587
0.00674 0.82120 0.31813
-0.15562 0.91389 0.25674
-0.32069 1.05516 0.16911
-0.40132 1.20380 -0.01535
-0.37032 1.33676 -0.26083
-0.21920 1.41750 -0.45451
0.02585 1.53780 -0.58642
0.35656 1.73764 -0.67492
-0.02636 -0.00933 0.03290
-0.05204 0.03017 0.02724
-0.07653 0.07558 -0.00044
-0.09566 0.12656 -0.05754
-0.06219 0.18228 -0.11440
0.00395 0.24429 -0.15408
0.09042 0.28652 -0.14738
0.18148 0.37163 -0.11865
0.24762 0.48328 -0.02243
0.26046 0.58583 0.10462
0.20358 0.69970 0.22917
0.07947 0.81744 0.31165
-0.08664 0.90834 0.28786
-0.26922 1.04618 0.24036
-0.38863 1.19664 0.07913
-0.40778 1.34194 -0.16549
-0.30344 1.43154 -0.38597
-0.08758 1.54558 -0.56519
0.21785 1.74090 -0.71806
-0.01885 -0.00966 0.03718
-0.04535 0.03022 0.03809
-0.07556 0.07648 0.01693
-0.10666 0.12845 -0.03441
-0.08630 0.18445 -0.09682
-0.03030 0.24638 -0.14950
0.05331 0.28564 -0.16104
0.15158 0.36625 -0.15199
0.23645 0.48209 -0.07252
0.27619 0.58235 0.04888
0.24917 0.69477 0.18280
0.14897 0.81266 0.29107
-0.01378 0.90417 0.30391
-0.20432 1.03814 0.29900
-0.35752 1.18871 0.16858
-0.42355 1.34724 -0.06431
-0.37182 1.44721 -0.30172
-0.19442 1.55633 -0.52179
0.07339 1.74511 -0.73272
-0.00226 -0.01031 0.04097
-0.02666 0.02953 0.05482
-0.03678 0.02994 0.04738
-0.01070 -0.00997 0.03989
-0.06398 0.07755 0.04927
-0.07129 0.07717 0.03369
-0.11444 0.13169 0.01535
-0.11294 0.13018 -0.00985
-0.12197 0.18890 -0.05012
-0.10643 0.18665 -0.07511
-0.09205 0.25125 -0.12187
-0.06263 0.24870 -0.13858
-0.02409 0.28885 -0.16659
0.01465 0.28640 -0.16747
0.07654 0.36047 -0.19843
0.11611 0.36245 -0.17885
0.18777 0.48138 -0.15969
0.21615 0.48136 -0.11867
0.27411 0.57718 -0.06406
0.28063 0.57938 -0.00822
0.30733 0.68686 0.07016
0.28410 0.69057 0.12886
0.26632 0.80468 0.21198
0.21211 0.80846 0.25710
0.13200 0.89951 0.29150
0.06001 0.90128 0.30492
-0.04747 1.02621 0.36985
-0.12908 1.03138 0.34263
-0.24715 1.17136 0.31975
-0.30954 1.18018 0.24961
-0.39562 1.35409 0.13581
-0.41916 1.35118 0.03738
-0.45061 1.48134 -0.10289
-0.42123 1.46379 -0.20597
-0.37168 1.58628 -0.37676
-0.29029 1.56983 -0.45798
-0.20992 1.75802 -0.67678
-0.07100 1.75054 -0.71854
0.00617 -0.01071 0.04044
-0.01540 0.02897 0.06019
-0.05399 0.07743 0.06313
-0.11119 0.13301 0.04027
-0.13244 0.19119 -0.02282
-0.11766 0.25400 -0.10001
-0.06165 0.29295 -0.15865
0.03442 0.36033 -0.21032
0.15257 0.48210 -0.19429
0.25744 0.57570 -0.11689
0.31880 0.68346 0.00933
0.31032 0.80130 0.15775
0.19952 0.89825 0.26479
0.03740 1.02246 0.38030
-0.17182 1.16373 0.37549
-0.35332 1.35577 0.22691
-0.45833 1.49852 0.00386
-0.43480 1.60410 -0.28079
-0.33767 1.76595 -0.60818
0.01428 -0.01109 0.03835
-0.00337 0.02836 0.06333
-0.04163 0.07713 0.07486
-0.10337 0.13408 0.06406
-0.13763 0.19329 0.00574
-0.13860 0.25685 -0.07392
-0.09675 0.29850 -0.14410
-0.00876 0.36204 -0.21437
0.11186 0.48335 -0.22159
0.23149 0.57478 -0.16525
0.31865 0.68069 -0.05198
0.34238 0.79874 0.09724
0.25986 0.89870 0.22576
0.12181 1.02011 0.37389
-0.08818 1.15786 0.41391
-0.29420 1.35628 0.30729
-0.44439 1.51458 0.10984
-0.47689 1.62256 -0.17468
-0.44921 1.77423 -0.51564
0.02182 -0.01147 0.03479
0.00899 0.02819 0.06413
-0.02733 0.07663 0.08403
-0.09141 0.13426 0.08599
-0.13747 0.19519 0.03473
-0.15430 0.25970 -0.04452
-0.12820 0.30536 -0.12360
-0.05159 0.36565 -0.21062
0.06731 0.48513 -0.24072
0.19729 0.57455 -0.20763
0.30722 0.67862 -0.11167
0.36227 0.79662 0.03258
0.31067 0.90054 0.17676
0.20198 1.01920 0.35173
0.00012 1.15336 0.43509
-0.22173 1.35532 0.37489
-0.41015 1.52919 0.21062
-0.49708 1.64147 -0.06333
-0.54061 1.78329 -0.40319
0.02853 -0.01185 0.02992
0.02122 0.02772 0.06264
-0.01161 0.07589 0.09035
-0.07558 0.13417 0.10533
-0.13196 0.19694 0.06322
-0.16429 0.26240 -0.01271
-0.15506 0.31331 -0.09788
-0.09269 0.37108 -0.19930
0.02034 0.48743 -0.25126
0.15629 0.57508 -0.24273
0.28525 0.67728 -0.16763
0.36981 0.79483 -0.03380
0.35067 0.90391 0.11997
0.27544 1.01914 0.31594
0.09019 1.15025 0.43901
-0.13832 1.35301 0.42726
-0.35695 1.54155 0.30234
-0.49453 1.65950 0.04976
-0.60777 1.79177 -0.27485
0.03420 -0.01223 0.02390
0.03295 0.02721 0.05889
0.00502 0.07496 0.09363
-0.05641 0.13375 0.12144
-0.12134 0.19793 0.09032
-0.16823 0.26494 0.02038
-0.17653 0.32211 -0.06774
-0.13079 0.37805 -0.18080
-0.02775 0.49038 -0.25298
0.10989 0.57644 -0.26960
0.25368 0.67665 -0.21832
0.36507 0.79360 -0.10002
0.37899 0.90834 0.05764
0.34036 1.02022 0.26752
0.17872 1.14848 0.42576
-0.04645 1.35052 0.46094
-0.28705 1.55115 0.38172
-0.46976 1.67589 0.15947
-0.64812 1.79940 -0.13586
0.03864 -0.01258 0.01692
0.04377 0.02668 0.05301
0.02197 0.07462 0.09367
-0.03451 0.13296 0.13373
-0.10588 0.19828 0.11508
-0.16596 0.26731 0.05371
-0.19191 0.33147 -0.03403
-0.16467 0.38639 -0.15572
-0.07545 0.49389 -0.24579
0.05936 0.57842 -0.28759
0.21344 0.67683 -0.26234
0.34835 0.79292 -0.16403
0.39535 0.91348 -0.00835
0.39489 1.02288 0.20821
0.26249 1.14851 0.39674
0.04866 1.34801 0.47707
-0.20380 1.55848 0.44627
-0.42450 1.69040 0.26196
-0.66067 1.80662 0.00815
0.04170 -0.01293 0.00926
0.05323 0.02602 0.04513
0.03866 0.07383 0.09053
-0.01072 0.13157 0.14176
-0.08598 0.19782 0.13661
-0.15762 0.26911 0.08628
-0.20080 0.34080 0.00203
-0.19348 0.39555 -0.12479
-0.12122 0.49745 -0.23017
0.00604 0.58077 -0.29642
0.16580 0.67750 -0.29884
0.32054 0.79269 -0.22425
0.39975 0.91931 -0.07621
0.43755 1.02778 0.14025
0.33902 1.15080 0.35317
0.14472 1.34513 0.47529
-0.11068 1.56451 0.49458
-0.36060 1.70303 0.35395
-0.64484 1.81227 0.15071
0.04325 -0.01328 0.00113
0.06103 0.02533 0.03559
0.05448 0.07281 0.08426
0.01425 0.12983 0.14515
-0.06230 0.19655 0.15422
-0.14350 0.26930 0.11715
-0.20276 0.34981 0.03948
-0.21612 0.40536 -0.08882
-0.16391 0.49879 -0.20132
-0.04822 0.58390 -0.29526
0.11192 0.67898 -0.32610
0.28192 0.79309 -0.27853
0.39140 0.92559 -0.14403
0.46675 1.03359 0.06571
0.40644 1.15334 0.29701
0.23855 1.34169 0.45556
-0.01033 1.56711 0.52421
-0.28155 1.71508 0.43263
-0.60183 1.81618 0.28702
0.04324 -0.01361 -0.00720
0.06688 0.02467 0.02469
0.06887 0.07174 0.07502
0.03960 0.12859 0.14345
-0.03546 0.19491 0.16706
-0.12367 0.26891 0.14501
-0.19739 0.35815 0.07701
-0.23153 0.41571 -0.04887
-0.20107 0.50324 -0.16958
-0.10168 0.58787 -0.28384
0.05362 0.68123 -0.34295
0.23362 0.79409 -0.32492
0.37048 0.93206 -0.20918
0.48154 1.04008 -0.01320
0.46206 1.15264 0.23426
0.32695 1.33773 0.41849
0.09322 1.56604 0.53422
-0.18872 1.72389 0.49492
-0.53562 1.82262 0.41353
-0.69958 1.98289 0.35755
-0.75291 1.97418 0.20318
-0.61704 1.98987 0.49911
-0.50820 1.99494 0.62232
-0.37703 1.99798 0.72229
-0.22839 1.99871 0.79486
-0.06798 1.99748 0.83709
0.09806 1.99445 0.84711
0.26329 1.98985 0.82430
0.42126 1.98398 0.76931
0.56575 1.97722 0.68411
0.68675 1.95935 0.56748
0.78357 1.94482 0.43113
0.85333 1.93401 0.27952
0.89019 1.92079 0.11693
0.89418 1.90825 -0.04920
0.86749 1.90040 -0.21283
0.80877 1.89301 -0.36754
0.72101 1.88706 -0.50727
0.60882 1.88518 -0.62783
0.47535 1.88470 -0.72371
0.16698 1.89071 -0.82969
0.32610 1.88602 -0.79146
0.00373 1.89663 -0.83590
-0.15729 1.90372 -0.81004
-0.31029 1.91298 -0.75398
-0.44918 1.92259 -0.66899
-0.56863 1.93223 -0.55843
-0.66463 1.94252 -0.42697
-0.73297 1.95200 -0.27917
-0.77101 1.96030 -0.12078
-0.77768 1.96769 0.04203
3 0 1 2
3 0 2 3
3 1 4 5
3 1 5 2
3 4 6 7
3 4 7 5
3 6 8 9
3 6 9 7
3 8 10 11
3 8 11 9
3 10 12 13
3 10 13 11
3 12 14 15
3 12 15 13
3 14 16 17
3 14 17 15
3 16 18 19
3 16 19 17
3 18 20 21
3 18 21 19
3 20 22 23
3 20 23 21
3 22 24 25
3 22 25 23
3 24 26 27
3 24 27 25
3 26 28 29
3 26 29 27
3 28 30 31
3 28 31 29
3 30 32 33
3 30 33 31
3 32 34 35
3 32 35 33
3 34 36 37
3 34 37 35
3 38 39 1
3 38 1 0
3 39 40 4
3 39 4 1
3 40 41 6
3 40 6 4
3 41 42 8
3 41 8 6
3 42 43 10
3 42 10 8
3 43 44 12
3 43 12 10
3 44 45 14
3 44 14 12
3 45 46 16
3 45 16 14
3 46 47 18
3 46 18 16
3 47 48 20
3 47 20 18
3 48 49 22
3 48 22 20
3 49 50 24
3 49 24 22
3 50 51 26
3 50 26 24
3 51 52 28
3 51 28 26
3 52 53 30
3 52 30 28
3 53 54 32
3 53 32 30
3 54 55 34
3 54 34 32
3 55 56 36
3 55 36 34
3 57 58 39
3 57 39 38
3 58 59 40
3 58 40 39
3 59 60 41
3 59 41 40
3 60 61 42
3 60 42 41
3 61 62 43
3 61 43 42
3 62 63 44
3 62 44 43
3 63 64 45
3 63 45 44
3 64 65 46
3 64 46 45
3 65 66 47
3 65 47 46
3 66 67 48
3 66 48 47
3 67 68 49
3 67 49 48
3 68 69 50
3 68 50 49
3 69 70 51
3 69 51 50
3 70 71 52
3 70 52 51
3 71 72 53
3 71 53 52
3 72 73 54
3 72 54 53
3 73 74 55
3 73 55 54
3 74 75 56
3 74 56 55
3 76 77 58
3 76 58 57
3 77 78 59
3 77 59 58
3 78 79 60
3 78 60 59
3 79 80 61
3 79 61 60
3 80 81 62
3 80 62 61
3 81 82 63
3 81 63 62
3 82 83 64
3 82 64 63
3 83 84 65
3 83 65 64
3 84 85 66
3 84 66 65
3 85 86 67
3 85 67 66
3 86 87 68
3 86 68 67
3 87 88 69
3 87 69 68
3 88 89 70
3 88 70 69
3 89 90 71
3 89 71 70
3 90 91 72
3 90 72 71
3 91 92 73
3 91 73 72
3 92 93 74
3 92 74 73
3 93 94 75
3 93 75 74
3 95 96 77
3 95 77 76
3 96 97 78
3 96 78 77
3 97 98 79
3 97 79 78
3 98 99 80
3 98 80 79
3 99 100 81
3 99 81 80
3 100 101 82
3 100 82 81
3 101 102 83
3 101 83 82
3 102 103 84
3 102 84 83
3 103 104 85
3 103 85 84
3 104 105 86
3 104 86 85
3 105 106 87
3 105 87 86
3 106 107 88
3 106 88 87
3 107 108 89
3 107 89 88
3 108 109 90
3 108 90 89
3 109 110 91
3 109 91 90
3 110 111 92
3 110 92 91
3 111 112 93
3 111 93 92
3 112 113 94
3 112 94 93
3 114 115 96
3 114 96 95
3 115 116 97
3 115 97 96
3 116 117 98
3 116 98 97
3 117 118 99
3 117 99 98
3 118 119 100
3 118 100 99
3 119 120 101
3 119 101 100
3 120 121 102
3 120 102 101
3 121 122 103
3 121 103 102
3 122 123 104
3 122 104 103
3 123 124 105
3 123 105 104
3 124 125 106
3 124 106 105
3 125 126 107
3 125 107 106
3 126 127 108
3 126 108 107
3 127 128 109
3 127 109 108
3 128 129 110
3 128 110 109
3 129 130 111
3 129 111 110
3 130 131 112
3 130 112 111
3 131 132 113
3 131 113 112
3 133 134 115
3 133 115 114
3 134 135 116
3 134 116 115
3 135 136 117
3 135 117 116
3 136 137 118
3 136 118 117
3 137 138 119
3 137 119 118
3 138 139 120
3 138 120 119
3 139 140 121
3 139 121 120
3 140 141 122
3 140 122 121
3 141 142 123
3 141 123 122
3 142 143 124
3 142 124 123
3 143 144 125
3 143 125 124
3 144 145 126
3 144 126 125
3 145 146 127
3 145 127 126
3 146 147 128
3 146 128 127
3 147 148 129
3 147 129 128
3 148 149 130
3 148 130 129
3 149 150 131
3 149 131 130
3 150 151 132
3 150 132 131
3 152 153 134
3 152 134 133
3 153 154 135
3 153 135 134
3 154 155 136
3 154 136 135
3 155 156 137
3 155 137 136
3 156 157 138
3 156 138 137
3 157 158 139
3 157 139 138
3 158 159 140
3 158 140 139
3 159 160 141
3 159 141 140
3 160 161 142
3 160 142 141
3 161 162 143
3 161 143 142
3 162 163 144
3 162 144 143
3 163 164 145
3 163 145 144
3 164 165 146
3 164 146 145
3 165 166 147
3 165 147 146
3 166 167 148
3 166 148 147
3 167 168 149
3 167 149 148
3 168 169 150
3 168 150 149
3 169 170 151
3 169 151 150
3 171 172 153
3 171 153 152
3 172 173 154
3 172 154 153
3 173 174 155
3 173 155 154
3 174 175 156
3 174 156 155
3 175 176 157
3 175 157 156
3 176 177 158
3 176 158 157
3 177 178 159
3 177 159 158
3 178 179 160
3 178 160 159
3 179 180 161
3 179 161 160
3 180 181 162
3 180 162 161
3 181 182 163
3 181 163 162
3 182 183 164
3 182 164 163
3 183 184 165
3 183 165 164
3 184 185 166
3 184 166 165
3 185 186 167
3 185 167 166
3 186 187 168
3 186 168 167
3 187 188 169
3 187 169 168
3 188 189 170
3 188 170 169
3 190 191 172
3 190 172 171
3 191 192 173
3 191 173 172
3 192 193 174
3 192 174 173
3 193 194 175
3 193 175 174
3 194 195 176
3 194 176 175
3 195 196 177
3 195 177 176
3 196 197 178
3 196 178 177
3 197 198 179
3 197 179 178
3 198 199 180
3 198 180 179
3 199 200 181
3 199 181 180
3 200 201 182
3 200 182 181
3 201 202 183
3 201 183 182
3 202 203 184
3 202 184 183
3 203 204 185
3 203 185 184
3 204 205 186
3 204 186 185
3 205 206 187
3 205 187 186
3 206 207 188
3 206 188 187
3 207 208 189
3 207 189 188
3 209 210 191
3 209 191 190
3 210 211 192
3 210 192 191
3 211 212 193
3 211 193 192
3 212 213 194
3 212 194 193
3 213 214 195
3 213 195 194
3 214 215 196
3 214 196 195
3 215 216 197
3 215 197 196
3 216 217 198
3 216 198 197
3 217 218 199
3 217 199 198
3 218 219 200
3 218 200 199
3 219 220 201
3 219 201 200
3 220 221 202
3 220 202 201
3 221 222 203
3 221 203 202
3 222 223 204
3 222 204 203
3 223 224 205
3 223 205 204
3 224 225 206
3 224 206 205
3 225 226 207
3 225 207 206
3 226 227 208
3 226 208 207
3 228 229 210
3 228 210 209
3 229 230 211
3 229 211 210
3 230 231 212
3 230 212 211
3 231 232 213
3 231 213 212
3 232 233 214
3 232 214 213
3 233 234 215
3 233 215 214
3 234 235 216
3 234 216 215
3 235 236 217
3 235 217 216
3 236 237 218
3 236 218 217
3 237 238 219
3 237 219 218
3 238 239 220
3 238 220 219
3 239 240 221
3 239 221 220
3 240 241 222
3 240 222 221
3 241 242 223
3 241 223 222
3 242 243 224
3 242 224 223
3 243 244 225
3 243 225 224
3 244 245 226
3 244 226 225
3 245 246 227
3 245 227 226
3 247 248 229
3 247 229 228
3 248 249 230
3 248 230 229
3 249 250 231
3 249 231 230
3 250 251 232
3 250 232 231
3 251 252 233
3 251 233 232
3 252 253 234
3 252 234 233
3 253 254 235
3 253 235 234
3 254 255 236
3 254 236 235
3 255 256 237
3 255 237 236
3 256 257 238
3 256 238 237
3 257 258 239
3 257 239 238
3 258 259 240
3 258 240 239
3 259 260 241
3 259 241 240
3 260 261 242
3 260 242 241
3 261 262 243
3 261 243 242
3 262 263 244
3 262 244 243
3 263 264 245
3 263 245 244
3 264 265 246
3 264 246 245
3 266 267 248
3 266 248 247
3 267 268 249
3 267 249 248
3 268 269 250
3 268 250 249
3 269 270 251
3 269 251 250
3 270 271 252
3 270 252 251
3 271 272 253
3 271 253 252
3 272 273 254
3 272 254 253
3 273 274 255
3 273 255 254
3 274 275 256
3 274 256 255
3 275 276 257
3 275 257 256
3 276 277 258
3 276 258 257
3 277 278 259
3 277 259 258
3 278 279 260
3 278 260 259
3 279 280 261
3 279 261 260
3 280 281 262
3 280 262 261
3 281 282 263
3 281 263 262
3 282 283 264
3 282 264 263
3 283 284 265
3 283 265 264
3 285 286 267
3 285 267 266
3 286 287 268
3 286 268 267
3 287 288 269
3 287 269 268
3 288 289 270
3 288 270 269
3 289 290 271
3 289 271 270
3 290 291 272
3 290 272 271
3 291 292 273
3 291 273 272
3 292 293 274
3 292 274 273
3 293 294 275
3 293 275 274
3 294 295 276
3 294 276 275
3 295 296 277
3 295 277 276
3 296 297 278
3 296 278 277
3 297 298 279
3 297 279 278
3 298 299 280
3 298 280 279
3 299 300 281
3 299 281 280
3 300 301 282
3 300 282 281
3 301 302 283
3 301 283 282
3 302 303 284
3 302 284 283
3 304 305 286
3 304 286 285
3 305 306 287
3 305 287 286
3 306 307 288
3 306 288 287
3 307 308 289
3 307 289 288
3 308 309 290
3 308 290 289
3 309 310 291
3 309 291 290
3 310 311 292
3 310 292 291
3 311 312 293
3 311 293 292
3 312 313 294
3 312 294 293
3 313 314 295
3 313 295 294
3 314 315 296
3 314 296 295
3 315 316 297
3 315 297 296
3 316 317 298
3 316 298 297
3 317 318 299
3 317 299 298
3 318 319 300
3 318 300 299
3 319 320 301
3 319 301 300
3 320 321 302
3 320 302 301
3 321 322 303
3 321 303 302
3 323 324 305
3 323 305 304
3 324 325 306
3 324 306 305
3 325 326 307
3 325 307 306
3 326 327 308
3 326 308 307
3 327 328 309
3 327 309 308
3 328 329 310
3 328 310 309
3 329 330 311
3 329 311 310
3 330 331 312
3 330 312 311
3 331 332 313
3 331 313 312
3 332 333 314
3 332 314 313
3 333 334 315
3 333 315 314
3 334 335 316
3 334 316 315
3 335 336 317
3 335 317 316
3 336 337 318
3 336 318 317
3 337 338 319
3 337 319 318
3 338 339 320
3 338 320 319
3 339 340 321
3 339 321 320
3 340 341 322
3 340 322 321
3 342 343 324
3 342 324 323
3 343 344 325
3 343 325 324
3 344 345 326
3 344 326 325
3 345 346 327
3 345 327 326
3 346 347 328
3 346 328 327
3 347 348 329
3 347 329 328
3 348 349 330
3 348 330 329
3 349 350 331
3 349 331 330
3 350 351 332
3 350 332 331
3 351 352 333
3 351 333 332
3 352 353 334
3 352 334 333
3 353 354 335
3 353 335 334
3 354 355 336
3 354 336 335
3 355 356 337
3 355 337 336
3 356 357 338
3 356 338 337
3 357 358 339
3 357 339 338
3 358 359 340
3 358 340 339
3 359 360 341
3 359 341 340
3 361 362 343
3 361 343 342
3 362 363 344
3 362 344 343
3 363 364 345
3 363 345 344
3 364 365 346
3 364 346 345
3 365 366 347
3 365 347 346
3 366 367 348
3 366 348 347
3 367 368 349
3 367 349 348
3 368 369 350
3 368 350 349
3 369 370 351
3 369 351 350
3 370 371 352
3 370 352 351
3 371 372 353
3 371 353 352
3 372 373 354
3 372 354 353
3 373 374 355
3 373 355 354
3 374 375 356
3 374 356 355
3 375 376 357
3 375 357 356
3 376 377 358
3 376 358 357
3 377 378 359
3 377 359 358
3 378 379 360
3 378 360 359
3 380 381 362
3 380 362 361
3 381 382 363
3 381 363 362
3 382 383 364
3 382 364 363
3 383 384 365
3 383 365 364
3 384 385 366
3 384 366 365
3 385 386 367
3 385 367 366
3 386 387 368
3 386 368 367
3 387 388 369
3 387 369 368
3 388 389 370
3 388 370 369
3 389 390 371
3 389 371 370
3 390 391 372
3 390 372 371
3 391 392 373
3 391 373 372
3 392 393 374
3 392 374 373
3 393 394 375
3 393 375 374
3 394 395 376
3 394 376 375
3 395 396 377
3 395 377 376
3 396 397 378
3 396 378 377
3 397 398 379
3 397 379 378
3 399 400 401
3 399 401 402
3 400 403 404
3 400 404 401
3 403 405 406
3 403 406 404
3 405 407 408
3 405 408 406
3 407 409 410
3 407 410 408
3 409 411 412
3 409 412 410
3 411 413 414
3 411 414 412
3 413 415 416
3 413 416 414
3 415 417 418
3 415 418 416
3 417 419 420
3 417 420 418
3 419 421 422
3 419 422 420
3 421 423 424
3 421 424 422
3 423 425 426
3 423 426 424
3 425 427 428
3 425 428 426
3 427 429 430
3 427 430 428
3 429 431 432
3 429 432 430
3 431 433 434
3 431 434 432
3 433 435 436
3 433 436 434
3 437 438 400
3 437 400 399
3 438 439 403
3 438 403 400
3 439 440 405
3 439 405 403
3 440 441 407
3 440 407 405
3 441 442 409
3 441 409 407
3 442 443 411
3 442 411 409
3 443 444 413
3 443 413 411
3 444 445 415
3 444 415 413
3 445 446 417
3 445 417 415
3 446 447 419
3 446 419 417
3 447 448 421
3 447 421 419
3 448 449 423
3 448 423 421
3 449 450 425
3 449 425 423
3 450 451 427
3 450 427 425
3 451 452 429
3 451 429 427
3 452 453 431
3 452 431 429
3 453 454 433
3 453 433 431
3 454 455 435
3 454 435 433
3 456 457 438
3 456 438 437
3 457 458 439
3 457 439 438
3 458 459 440
3 458 440 439
3 459 460 441
3 459 441 440
3 460 461 442
3 460 442 441
3 461 462 443
3 461 443 442
3 462 463 444
3 462 444 443
3 463 464 445
3 463 445 444
3 464 465 446
3 464 446 445
3 465 466 447
3 465 447 446
3 466 467 448
3 466 448 447
3 467 468 449
3 467 449 448
3 468 469 450
3 468 450 449
3 469 470 451
3 469 451 450
3 470 471 452
3 470 452 451
3 471 472 453
3 471 453 452
3 472 473 454
3 472 454 453
3 473 474 455
3 473 455 454
3 475 476 457
3 475 457 456
3 476 477 458
3 476 458 457
3 477 478 459
3 477 459 458
3 478 479 460
3 478 460 459
3 479 480 461
3 479 461 460
3 480 481 462
3 480 462 461
3 481 482 463
3 481 463 462
3 482 483 464
3 482 464 463
3 483 484 465
3 483 465 464
3 484 485 466
3 484 466 465
3 485 486 467
3 485 467 466
3 486 487 468
3 486 468 467
3 487 488 469
3 487 469 468
3 488 489 470
3 488 470 469
3 489 490 471
3 489 471 470
3 490 491 472
3 490 472 471
3 491 492 473
3 491 473 472
3 492 493 474
3 492 474 473
3 494 495 476
3 494 476 475
3 495 496 477
3 495 477 476
3 496 497 478
3 496 478 477
3 497 498 479
3 497 479 478
3 498 499 480
3 498 480 479
3 499 500 481
3 499 481 480
3 500 501 482
3 500 482 481
3 501 502 483
3 501 483 482
3 502 503 484
3 502 484 483
3 503 504 485
3 503 485 484
3 504 505 486
3 504 486 485
3 505 506 487
3 505 487 486
3 506 507 488
3 506 488 487
3 507 508 489
3 507 489 488
3 508 509 490
3 508 490 489
3 509 510 491
3 509 491 490
3 510 511 492
3 510 492 491
3 511 512 493
3 511 493 492
3 513 514 495
3 513 495 494
3 514 515 496
3 514 496 495
3 515 516 497
3 515 497 496
3 516 517 498
3 516 498 497
3 517 518 499
3 517 499 498
3 518 519 500
3 518 500 499
3 519 520 501
3 519 501 500
3 520 521 502
3 520 502 501
3 521 522 503
3 521 503 502
3 522 523 504
3 522 504 503
3 523 524 505
3 523 505 504
3 524 525 506
3 524 506 505
3 525 526 507
3 525 507 506
3 526 527 508
3 526 508 507
3 527 528 509
3 527 509 508
3 528 529 510
3 528 510 509
3 529 530 511
3 529 511 510
3 530 531 512
3 530 512 511
3 532 533 514
3 532 514 513
3 533 534 515
3 533 515 514
3 534 535 516
3 534 516 515
3 535 536 517
3 535 517 516
3 536 537 518
3 536 518 517
3 537 538 519
3 537 519 518
3 538 539 520
3 538 520 519
3 539 540 521
3 539 521 520
3 540 541 522
3 540 522 521
3 541 542 523
3 541 523 522
3 542 543 524
3 542 524 523
3 543 544 525
3 543 525 524
3 544 545 526
3 544 526 525
3 545 546 527
3 545 527 526
3 546 547 528
3 546 528 527
3 547 548 529
3 547 529 528
3 548 549 530
3 548 530 529
3 549 550 531
3 549 531 530
3 551 552 533
3 551 533 532
3 552 553 534
3 552 534 533
3 553 554 535
3 553 535 534
3 554 555 536
3 554 536 535
3 555 556 537
3 555 537 536
3 556 557 538
3 556 538 537
3 557 558 539
3 557 539 538
3 558 559 540
3 558 540 539
3 559 560 541
3 559 541 540
3 560 561 542
3 560 542 541
3 561 562 543
3 561 543 542
3 562 563 544
3 562 544 543
3 563 564 545
3 563 545 544
3 564 565 546
3 564 546 545
3 565 566 547
3 565 547 546
3 566 567 548
3 566 548 547
3 567 568 549
3 567 549 548
3 568 569 550
3 568 550 549
3 570 571 552
3 570 552 551
3 571 572 553
3 571 553 552
3 572 573 554
3 572 554 553
3 573 574 555
3 573 555 554
3 574 575 556
3 574 556 555
3 575 576 557
3 575 557 556
3 576 577 558
3 576 558 557
3 577 578 559
3 577 559 558
3 578 579 560
3 578 560 559
3 579 580 561
3 579 561 560
3 580 581 562
3 580 562 561
3 581 582 563
3 581 563 562
3 582 583 564
3 582 564 563
3 583 584 565
3 583 565 564
3 584 585 566
3 584 566 565
3 585 586 567
3 585 567 566
3 586 587 568
3 586 568 567
3 587 588 569
3 587 569 568
3 589 590 571
3 589 571 570
3 590 591 572
3 590 572 571
3 591 592 573
3 591 573 572
3 592 593 574
3 592 574 573
3 593 594 575
3 593 575 574
3 594 595 576
3 594 576 575
3 595 596 577
3 595 577 576
3 596 597 578
3 596 578 577
3 597 598 579
3 597 579 578
3 598 599 580
3 598 580 579
3 599 600 581
3 599 581 580
3 600 601 582
3 600 582 581
3 601 602 583
3 601 583 582
3 602 603 584
3 602 584 583
3 603 604 585
3 603 585 584
3 604 605 586
3 604 586 585
3 605 606 587
3 605 587 586
3 606 607 588
3 606 588 587
3 3 2 590
3 3 590 589
3 2 5 591
3 2 591 590
3 5 7 592
3 5 592 591
3 7 9 593
3 7 593 592
3 9 11 594
3 9 594 593
3 11 13 595
3 11 595 594
3 13 15 596
3 13 596 595
3 15 17 597
3 15 597 596
3 17 19 598
3 17 598 597
3 19 21 599
3 19 599 598
3 21 23 600
3 21 600 599
3 23 25 601
3 23 601 600
3 25 27 602
3 25 602 601
3 27 29 603
3 27 603 602
3 29 31 604
3 29 604 603
3 31 33 605
3 31 605 604
3 33 35 606
3 33 606 605
3 35 37 607
3 35 607 606
3 36 608 609
3 36 609 37
3 56 610 608
3 56 608 36
3 75 611 610
3 75 610 56
3 94 612 611
3 94 611 75
3 113 613 612
3 113 612 94
3 132 614 613
3 132 613 113
3 151 615 614
3 151 614 132
3 170 616 615
3 170 615 151
3 189 617 616
3 189 616 170
3 208 618 617
3 208 617 189
3 227 619 618
3 227 618 208
3 246 620 619
3 246 619 227
3 265 621 620
3 265 620 246
3 284 622 621
3 284 621 265
3 303 623 622
3 303 622 284
3 322 624 623
3 322 623 303
3 341 625 624
3 341 624 322
3 360 626 625
3 360 625 341
3 379 627 626
3 379 626 360
3 398 628 627
3 398 627 379
3 435 629 630
3 435 630 436
3 455 631 629
3 455 629 435
3 474 632 631
3 474 631 455
3 493 633 632
3 493 632 474
3 512 634 633
3 512 633 493
3 531 635 634
3 531 634 512
3 550 636 635
3 550 635 531
3 569 637 636
3 569 636 550
3 588 638 637
3 588 637 569
3 607 639 638
3 607 638 588
3 37 609 639
3 37 639 607
