168
320

0.22384 -0.28325 -4.19490
-0.06003 0.59042 -4.45587
0.96704 0.25670 -4.45587
-0.69481 -0.28325 -4.45587
-0.06003 -1.15693 -4.45587
0.96704 -0.82321 -4.45587
1.48825 -1.20189 -5.16082
0.68317 -1.69690 -5.02362
1.71024 -0.28325 -5.02362
1.48825 0.63538 -5.16082
1.88569 0.25670 -5.94228
1.88569 -0.82322 -5.94228
1.25092 -1.69691 -5.94228
1.78673 -0.28325 -6.72373
1.42636 -1.15693 -6.86093
1.14248 -0.28325 -7.42868
0.50771 -1.15693 -7.42868
0.70679 -1.76965 -6.72373
-0.23549 -1.69690 -6.86093
0.22384 -2.03063 -5.94228
-0.25911 -1.76965 -5.16082
-0.80324 -1.69691 -5.94228
-0.97868 -1.15693 -5.02362
-1.04057 -1.20189 -6.72373
-1.43801 -0.82322 -5.94228
-1.33905 -0.28325 -5.16082
-1.43801 0.25670 -5.94228
-1.26256 -0.28325 -6.86093
-0.51936 -0.82321 -7.42868
-0.51936 0.25670 -7.42868
-1.04057 0.63538 -6.72373
-0.23549 1.13039 -6.86093
-0.80324 1.13040 -5.94228
-0.25911 1.20314 -5.16082
0.22384 1.46412 -5.94228
-0.97868 0.59043 -5.02362
0.68317 1.13039 -5.02362
0.70679 1.20314 -6.72373
1.25092 1.13040 -5.94228
1.42636 0.59043 -6.86093
0.50771 0.59042 -7.42868
0.22384 -0.28325 -7.68964
-1.34268 0.48970 -2.65470
-1.62655 1.36337 -2.91566
-0.59948 1.02965 -2.91566
-2.26132 0.48970 -2.91567
-1.62655 -0.38398 -2.91566
-0.59948 -0.05026 -2.91566
-0.07827 -0.42894 -3.62061
-0.88335 -0.92395 -3.48341
0.14372 0.48970 -3.48341
-0.07827 1.40833 -3.62061
0.31917 1.02965 -4.40207
0.31917 -0.05026 -4.40207
-0.31560 -0.92396 -4.40207
0.22022 0.48970 -5.18352
-0.14016 -0.38398 -5.32073
-0.42403 0.48970 -5.88847
-1.05881 -0.38398 -5.88848
-0.85972 -0.99670 -5.18353
-1.80201 -0.92395 -5.32073
-1.34268 -1.25767 -4.40207
-1.82563 -0.99670 -3.62061
-2.36976 -0.92396 -4.40207
-2.54520 -0.38398 -3.48341
-2.60709 -0.42894 -5.18353
-3.00453 -0.05026 -4.40207
-2.90557 0.48970 -3.62062
-3.00453 1.02965 -4.40207
-2.82907 0.48970 -5.32072
-2.08587 -0.05026 -5.88848
-2.08587 1.02965 -5.88848
-2.60709 1.40833 -5.18353
-1.80201 1.90334 -5.32073
-2.36976 1.90335 -4.40207
-1.82563 1.97609 -3.62061
-1.34268 2.23707 -4.40207
-2.54520 1.36338 -3.48341
-0.88335 1.90334 -3.48341
-0.85972 1.97609 -5.18353
-0.31560 1.90335 -4.40207
-0.14016 1.36338 -5.32073
-1.05881 1.36337 -5.88848
-1.34268 0.48970 -6.14944
1.80529 0.44478 -2.52846
1.52142 1.31845 -2.78942
2.54849 0.98474 -2.78942
0.88665 0.44478 -2.78942
1.52142 -0.42890 -2.78942
2.54849 -0.09518 -2.78942
3.06970 -0.47386 -3.49437
2.26462 -0.96887 -3.35717
3.29169 0.44478 -3.35717
3.06970 1.36342 -3.49437
3.46714 0.98474 -4.27583
3.46714 -0.09518 -4.27583
2.83237 -0.96887 -4.27583
3.36819 0.44478 -5.05728
3.00782 -0.42890 -5.19449
2.72394 0.44478 -5.76223
2.08916 -0.42890 -5.76224
2.28825 -1.04162 -5.05729
1.34596 -0.96887 -5.19449
1.80529 -1.30259 -4.27583
1.32234 -1.04162 -3.49437
0.77821 -0.96887 -4.27583
0.60277 -0.42890 -3.35717
0.54088 -0.47386 -5.05729
0.14344 -0.09518 -4.27583
0.24240 0.44478 -3.49438
0.14344 0.98474 -4.27583
0.31890 0.44478 -5.19448
1.06210 -0.09518 -5.76224
1.06210 0.98474 -5.76224
0.54088 1.36342 -5.05729
1.34596 1.85842 -5.19449
0.77821 1.85843 -4.27583
1.32234 1.93118 -3.49437
1.80529 2.19215 -4.27583
0.60277 1.31846 -3.35717
2.26462 1.85842 -3.35717
2.28825 1.93118 -5.05729
2.83237 1.85843 -4.27583
3.00782 1.31846 -5.19449
2.08916 1.31845 -5.76224
1.80529 0.44478 -6.02320
0.04705 -1.49335 -2.37251
-0.23682 -0.61967 -2.63347
0.79024 -0.95339 -2.63347
-0.87160 -1.49335 -2.63348
-0.23682 -2.36702 -2.63347
0.79024 -2.03330 -2.63347
1.31146 -2.41198 -3.33842
0.50637 -2.90699 -3.20122
1.53344 -1.49335 -3.20123
1.31146 -0.57471 -3.33842
1.70890 -0.95339 -4.11988
1.70890 -2.03331 -4.11988
1.07412 -2.90700 -4.11988
1.60994 -1.49335 -4.90133
1.24957 -2.36703 -5.03854
0.96569 -1.49335 -5.60628
0.33092 -2.36702 -5.60629
0.53000 -2.97975 -4.90134
-0.41228 -2.90699 -5.03854
0.04705 -3.24072 -4.11988
-0.43591 -2.97975 -3.33842
-0.98003 -2.90700 -4.11988
-1.15548 -2.36703 -3.20123
-1.21736 -2.41198 -4.90134
-1.61481 -2.03331 -4.11988
-1.51585 -1.49335 -3.33843
-1.61481 -0.95339 -4.11988
-1.43935 -1.49335 -5.03854
-0.69615 -2.03330 -5.60629
-0.69615 -0.95339 -5.60629
-1.21736 -0.57471 -4.90134
-0.41228 -0.07970 -5.03854
-0.98003 -0.07970 -4.11988
-0.43591 -0.00695 -3.33842
0.04705 0.25402 -4.11988
-1.15548 -0.61967 -3.20123
0.50637 -0.07970 -3.20122
0.53000 -0.00695 -4.90134
1.07412 -0.07970 -4.11988
1.24957 -0.61967 -5.03854
0.33092 -0.61967 -5.60629
0.04705 -1.49335 -5.86725
3 0 1 3
3 0 2 1
3 2 0 5
3 0 3 4
3 0 4 5
3 5 4 7
3 8 5 6
3 5 7 6
3 8 2 5
3 9 8 10
3 9 2 8
3 10 8 11
3 8 6 11
3 6 12 11
3 11 12 14
3 10 11 13
3 11 14 13
3 13 14 15
3 15 14 16
3 14 17 16
3 12 17 14
3 17 18 16
3 19 18 17
3 12 19 17
3 7 20 19
3 20 21 19
3 19 21 18
3 12 7 19
3 20 22 21
3 21 22 24
3 21 23 18
3 21 24 23
3 22 25 24
3 25 26 24
3 24 26 27
3 24 27 23
3 23 27 28
3 28 27 29
3 27 30 29
3 26 30 27
3 30 31 29
3 32 31 30
3 26 32 30
3 35 33 32
3 33 34 32
3 32 34 31
3 26 35 32
3 3 35 25
3 25 35 26
3 1 33 35
3 3 1 35
3 33 36 34
3 34 36 38
3 34 37 31
3 34 38 37
3 36 9 38
3 9 10 38
3 38 10 39
3 38 39 37
3 37 39 40
3 40 39 15
3 39 13 15
3 10 13 39
3 31 37 40
3 29 31 40
3 29 40 41
3 40 15 41
3 15 16 41
3 16 28 41
3 28 29 41
3 1 36 33
3 2 9 36
3 1 2 36
3 18 23 28
3 16 18 28
3 3 25 22
3 4 22 20
3 4 3 22
3 4 20 7
3 6 7 12
3 42 43 45
3 42 44 43
3 44 42 47
3 42 45 46
3 42 46 47
3 47 46 49
3 50 47 48
3 47 49 48
3 50 44 47
3 51 50 52
3 51 44 50
3 52 50 53
3 50 48 53
3 48 54 53
3 53 54 56
3 52 53 55
3 53 56 55
3 55 56 57
3 57 56 58
3 56 59 58
3 54 59 56
3 59 60 58
3 61 60 59
3 54 61 59
3 49 62 61
3 62 63 61
3 61 63 60
3 54 49 61
3 62 64 63
3 63 64 66
3 63 65 60
3 63 66 65
3 64 67 66
3 67 68 66
3 66 68 69
3 66 69 65
3 65 69 70
3 70 69 71
3 69 72 71
3 68 72 69
3 72 73 71
3 74 73 72
3 68 74 72
3 77 75 74
3 75 76 74
3 74 76 73
3 68 77 74
3 45 77 67
3 67 77 68
3 43 75 77
3 45 43 77
3 75 78 76
3 76 78 80
3 76 79 73
3 76 80 79
3 78 51 80
3 51 52 80
3 80 52 81
3 80 81 79
3 79 81 82
3 82 81 57
3 81 55 57
3 52 55 81
3 73 79 82
3 71 73 82
3 71 82 83
3 82 57 83
3 57 58 83
3 58 70 83
3 70 71 83
3 43 78 75
3 44 51 78
3 43 44 78
3 60 65 70
3 58 60 70
3 45 67 64
3 46 64 62
3 46 45 64
3 46 62 49
3 48 49 54
3 84 85 87
3 84 86 85
3 86 84 89
3 84 87 88
3 84 88 89
3 89 88 91
3 92 89 90
3 89 91 90
3 92 86 89
3 93 92 94
3 93 86 92
3 94 92 95
3 92 90 95
3 90 96 95
3 95 96 98
3 94 95 97
3 95 98 97
3 97 98 99
3 99 98 100
3 98 101 100
3 96 101 98
3 101 102 100
3 103 102 101
3 96 103 101
3 91 104 103
3 104 105 103
3 103 105 102
3 96 91 103
3 104 106 105
3 105 106 108
3 105 107 102
3 105 108 107
3 106 109 108
3 109 110 108
3 108 110 111
3 108 111 107
3 107 111 112
3 112 111 113
3 111 114 113
3 110 114 111
3 114 115 113
3 116 115 114
3 110 116 114
3 119 117 116
3 117 118 116
3 116 118 115
3 110 119 116
3 87 119 109
3 109 119 110
3 85 117 119
3 87 85 119
3 117 120 118
3 118 120 122
3 118 121 115
3 118 122 121
3 120 93 122
3 93 94 122
3 122 94 123
3 122 123 121
3 121 123 124
3 124 123 99
3 123 97 99
3 94 97 123
3 115 121 124
3 113 115 124
3 113 124 125
3 124 99 125
3 99 100 125
3 100 112 125
3 112 113 125
3 85 120 117
3 86 93 120
3 85 86 120
3 102 107 112
3 100 102 112
3 87 109 106
3 88 106 104
3 88 87 106
3 88 104 91
3 90 91 96
3 126 127 129
3 126 128 127
3 128 126 131
3 126 129 130
3 126 130 131
3 131 130 133
3 134 131 132
3 131 133 132
3 134 128 131
3 135 134 136
3 135 128 134
3 136 134 137
3 134 132 137
3 132 138 137
3 137 138 140
3 136 137 139
3 137 140 139
3 139 140 141
3 141 140 142
3 140 143 142
3 138 143 140
3 143 144 142
3 145 144 143
3 138 145 143
3 133 146 145
3 146 147 145
3 145 147 144
3 138 133 145
3 146 148 147
3 147 148 150
3 147 149 144
3 147 150 149
3 148 151 150
3 151 152 150
3 150 152 153
3 150 153 149
3 149 153 154
3 154 153 155
3 153 156 155
3 152 156 153
3 156 157 155
3 158 157 156
3 152 158 156
3 161 159 158
3 159 160 158
3 158 160 157
3 152 161 158
3 129 161 151
3 151 161 152
3 127 159 161
3 129 127 161
3 159 162 160
3 160 162 164
3 160 163 157
3 160 164 163
3 162 135 164
3 135 136 164
3 164 136 165
3 164 165 163
3 163 165 166
3 166 165 141
3 165 139 141
3 136 139 165
3 157 163 166
3 155 157 166
3 155 166 167
3 166 141 167
3 141 142 167
3 142 154 167
3 154 155 167
3 127 162 159
3 128 135 162
3 127 128 162
3 144 149 154
3 142 144 154
3 129 151 148
3 130 148 146
3 130 129 148
3 130 146 133
3 132 133 138
