185
312

1.54445 -2.83044 -1.40518
1.26532 -2.37289 -1.15518
1.24587 -2.38721 -1.10488
1.28175 -2.36037 -1.19846
1.12115 -2.27018 -1.02409
1.14777 -2.24570 -1.08859
1.16827 -2.22278 -1.14298
0.96680 -2.15042 -0.95034
0.99682 -2.12136 -1.02486
1.02169 -2.09446 -1.08778
0.80420 -1.97949 -0.85690
0.83809 -1.95876 -0.94549
0.86463 -1.93964 -1.01994
0.63054 -1.77499 -0.79787
0.67206 -1.76585 -0.88808
0.70475 -1.75742 -0.96403
0.47948 -1.56525 -0.71467
0.52080 -1.56437 -0.81280
0.55430 -1.56273 -0.89600
0.35345 -1.34022 -0.64507
0.39200 -1.34882 -0.74437
0.42432 -1.35530 -0.82915
0.28260 -1.10774 -0.58307
0.31670 -1.12038 -0.68189
0.34579 -1.13007 -0.76638
0.31694 -0.89700 -0.53042
0.34863 -0.89923 -0.62522
0.37622 -0.90049 -0.70673
0.43369 -0.76112 -0.46748
0.47204 -0.73811 -0.54799
0.50519 -0.71772 -0.61714
0.49496 -0.72427 -0.35213
0.55162 -0.67392 -0.39381
0.60093 -0.63008 -0.42974
0.44360 -0.73473 -0.23634
0.51780 -0.67057 -0.23607
0.58193 -0.61534 -0.23598
0.47454 -0.60122 -0.12696
0.40467 -0.65253 -0.14993
0.32129 -0.71137 -0.17517
0.19076 -0.60984 -0.18545
0.28215 -0.57847 -0.14461
0.35836 -0.54677 -0.10721
0.11137 -0.43137 -0.23381
0.19969 -0.44734 -0.18709
0.27931 -0.45500 -0.14336
0.15020 -0.21541 -0.25764
0.22078 -0.27938 -0.22224
0.28619 -0.33494 -0.19247
0.39669 -0.22508 -0.16560
0.32924 -0.04023 -0.15989
0.36232 -0.14016 -0.16259
0.40204 -0.01873 0.07883
0.43196 -0.11518 0.04895
0.45735 -0.19875 0.02372
0.29778 -0.06005 0.27677
0.31919 -0.15756 0.26169
0.33756 -0.24154 0.24873
0.15327 -0.15741 0.34294
0.13253 -0.20198 0.34924
0.12175 -0.24329 0.35686
0.11015 -0.16175 0.23254
0.13246 -0.15792 0.29482
0.09749 -0.20154 0.24472
0.19628 -0.07935 0.11908
0.25503 -0.06854 0.20867
0.33915 -0.02748 0.06872
0.25283 -0.03575 0.06053
0.31318 -0.22459 0.00864
0.27980 -0.12239 0.03582
0.23896 -0.26401 0.10204
0.21469 -0.16514 0.10719
0.17484 -0.05378 -0.03829
0.24501 -0.23558 -0.03605
0.20520 -0.13786 -0.03935
0.08908 -0.26259 -0.03606
0.02932 -0.20572 -0.06990
0.26357 -0.04599 -0.10817
0.09865 -0.21132 -0.17795
0.08096 -0.43817 -0.15230
0.03940 -0.44793 -0.04218
0.20231 -0.46771 0.05230
0.11436 -0.46139 0.00454
0.15854 -0.32668 0.00601
0.16569 -0.67539 -0.01204
0.17983 -0.63694 -0.11110
0.32799 -0.61135 0.06568
0.24158 -0.64602 0.02457
0.42215 -0.76768 -0.02686
0.35205 -0.81891 -0.04946
0.33381 -0.75641 -0.12067
0.59619 -0.82548 -0.17161
0.53358 -0.88178 -0.17292
0.48108 -0.79724 -0.20898
0.61020 -0.89235 -0.33996
0.54267 -0.79530 -0.34615
0.71284 -0.79757 -0.41582
0.65810 -0.84838 -0.37548
0.66864 -0.76068 -0.17035
0.56165 -0.91934 -0.47256
0.48643 -0.82812 -0.46873
0.59572 -0.89952 -0.54295
0.47058 -1.01528 -0.51843
0.63454 -0.87595 -0.62289
0.38101 -0.94726 -0.52471
0.53458 -1.01918 -0.69713
0.60093 -0.63008 -0.42974
0.56517 -0.79294 -0.61896
0.50519 -0.71772 -0.61714
0.45056 -0.95703 -0.70153
0.37622 -0.90049 -0.70673
0.52304 -1.20193 -0.73474
0.42993 -1.16462 -0.75116
0.34579 -1.13007 -0.76638
0.42432 -1.35530 -0.82915
0.51058 -1.37070 -0.80655
0.55430 -1.56273 -0.89600
0.63722 -1.56150 -0.86700
0.70475 -1.75742 -0.96403
0.78150 -1.74152 -0.92898
0.86463 -1.93964 -1.01994
0.92729 -1.91311 -0.98335
1.02169 -2.09446 -1.08778
1.07560 -2.06097 -1.05023
1.16827 -2.22278 -1.14298
1.21566 -2.19762 -1.11392
1.26769 -2.17216 -1.08177
1.37225 -2.33123 -1.15720
1.32501 -2.34648 -1.17888
1.28175 -2.36037 -1.19846
1.54445 -2.83044 -1.40518
1.54445 -2.83044 -1.40518
1.54445 -2.83044 -1.40518
1.35410 -2.34283 -1.10645
1.33824 -2.35277 -1.06214
1.24379 -2.19512 -1.02053
1.22163 -2.21301 -0.96530
1.16440 -2.24562 -0.99924
1.28526 -2.37321 -1.08684
1.54445 -2.83044 -1.40518
1.01516 -2.12079 -0.91685
0.85831 -1.95637 -0.82853
1.07757 -2.07982 -0.86997
1.13227 -2.02405 -1.00773
1.10435 -2.05518 -0.93552
0.99256 -1.88343 -0.94149
0.96001 -1.90563 -0.86097
0.92855 -1.92423 -0.78857
0.86177 -1.72346 -0.88857
0.82351 -1.73571 -0.79549
0.78640 -1.74587 -0.71185
0.69855 -1.76292 -0.76221
0.55242 -1.56388 -0.68823
0.42875 -1.35371 -0.62406
0.64835 -1.56115 -0.65095
0.72576 -1.55920 -0.83378
0.68571 -1.56071 -0.73705
0.60434 -1.38665 -0.78113
0.56512 -1.37885 -0.68235
0.52973 -1.37110 -0.59504
0.48700 -1.19030 -0.63600
0.45518 -1.17933 -0.54913
0.50056 -1.01753 -0.60208
0.35547 -1.13826 -0.56839
0.65277 -0.70962 -0.42221
0.58193 -0.61534 -0.23598
0.62289 -0.68429 -0.20429
0.47454 -0.60122 -0.12696
0.48675 -0.65303 -0.06638
0.35836 -0.54677 -0.10721
0.50251 -0.70931 -0.00131
0.24136 -0.46133 -0.04712
0.34260 -0.57740 -0.02384
0.27931 -0.45500 -0.14336
0.22377 -0.33472 -0.09720
0.28619 -0.33494 -0.19247
0.32620 -0.23000 -0.10565
0.39669 -0.22508 -0.16560
0.38934 -0.21055 0.01519
0.45735 -0.19875 0.02372
0.28945 -0.25117 0.17239
0.33756 -0.24154 0.24873
0.10463 -0.24659 0.30773
0.12175 -0.24329 0.35686
0.08587 -0.25021 0.25389
3 1 3 0
3 0 2 1
3 3 1 2
3 3 2 4
3 3 4 5
3 5 6 3
3 6 4 7
3 6 5 4
3 6 7 8
3 8 9 6
3 9 7 10
3 9 8 7
3 9 10 11
3 11 12 9
3 12 11 10
3 12 10 13
3 12 13 14
3 14 15 12
3 15 13 16
3 15 14 13
3 15 16 17
3 17 18 15
3 18 16 19
3 18 17 16
3 18 19 20
3 20 21 18
3 21 20 19
3 21 19 22
3 21 22 23
3 23 24 21
3 24 22 25
3 24 23 22
3 24 25 26
3 26 27 24
3 27 25 28
3 27 26 25
3 27 28 29
3 29 30 27
3 30 29 28
3 30 28 31
3 30 31 32
3 32 33 30
3 33 31 34
3 33 32 31
3 33 34 35
3 35 36 33
3 35 37 36
3 35 38 37
3 37 38 39
3 37 39 40
3 37 40 41
3 41 42 37
3 42 40 43
3 42 41 40
3 42 43 44
3 44 45 42
3 45 43 46
3 45 44 43
3 45 46 47
3 47 48 45
3 47 49 48
3 49 50 52
3 49 51 50
3 47 51 49
3 49 52 53
3 53 54 49
3 54 52 55
3 54 53 52
3 54 55 56
3 56 57 54
3 57 56 55
3 57 55 58
3 57 58 59
3 59 60 57
3 61 58 55
3 61 62 58
3 63 61 64
3 65 64 61
3 61 55 65
3 65 55 52
3 65 67 64
3 65 52 66
3 65 66 67
3 67 68 70
3 67 69 68
3 69 67 72
3 67 70 71
3 71 64 67
3 66 72 67
3 72 73 68
3 72 74 73
3 75 74 72
3 72 68 69
3 75 72 76
3 78 76 72
3 66 77 72
3 72 77 50
3 72 50 46
3 72 46 78
3 78 46 43
3 78 80 76
3 78 43 79
3 78 79 80
3 80 81 83
3 80 82 81
3 82 80 84
3 80 83 75
3 75 76 80
3 80 79 43
3 85 84 80
3 80 43 40
3 80 40 85
3 84 85 40
3 84 86 81
3 84 87 86
3 88 87 84
3 84 81 82
3 88 84 89
3 90 89 84
3 84 40 39
3 84 39 90
3 89 90 39
3 91 89 92
3 91 88 89
3 93 92 89
3 89 39 34
3 89 34 93
3 92 93 34
3 91 92 94
3 95 94 92
3 92 34 31
3 92 31 95
3 94 95 31
3 94 96 98
3 94 97 96
3 97 94 99
3 94 98 91
3 100 99 94
3 94 31 28
3 94 28 100
3 99 100 28
3 99 101 103
3 101 99 102
3 104 102 99
3 99 103 96
3 99 96 97
3 99 28 25
3 99 25 104
3 102 104 25
3 102 103 101
3 102 105 103
3 108 103 105
3 106 96 103
3 106 103 107
3 108 107 103
3 107 108 106
3 108 105 109
3 109 110 108
3 110 109 105
3 110 105 111
3 110 111 112
3 112 113 110
3 112 114 113
3 112 115 114
3 115 116 114
3 115 117 116
3 117 118 116
3 117 119 118
3 119 120 118
3 119 121 120
3 121 122 120
3 121 123 122
3 123 124 122
3 123 125 124
3 124 125 126
3 124 126 127
3 124 127 128
3 128 129 124
3 128 130 129
3 128 127 131
3 132 127 133
3 134 133 127
3 134 127 126
3 133 134 132
3 138 132 134
3 134 126 135
3 135 136 134
3 137 134 136
3 137 138 134
3 137 2 138
3 138 2 139
3 140 137 136
3 140 4 137
3 137 4 2
3 141 140 142
3 141 7 140
3 140 7 4
3 140 136 142
3 142 143 145
3 142 144 143
3 144 142 136
3 142 145 146
3 146 147 142
3 141 142 147
3 147 146 145
3 147 145 148
3 147 148 149
3 149 150 147
3 151 147 150
3 151 141 147
3 152 151 150
3 152 13 151
3 151 13 10
3 151 10 141
3 153 152 154
3 153 16 152
3 152 16 13
3 152 150 154
3 154 155 157
3 154 156 155
3 156 154 150
3 154 157 158
3 158 159 154
3 153 154 159
3 159 158 157
3 159 157 111
3 159 111 160
3 160 161 159
3 153 159 161
3 161 111 105
3 161 160 111
3 161 105 162
3 162 102 161
3 163 161 102
3 161 163 22
3 161 22 19
3 161 19 153
3 102 22 163
3 102 162 105
3 115 157 155
3 112 111 157
3 112 157 115
3 150 155 156
3 115 155 117
3 117 155 148
3 150 148 155
3 153 19 16
3 150 149 148
3 117 148 119
3 119 148 145
3 121 145 143
3 119 145 121
3 136 143 144
3 121 143 123
3 123 143 126
3 136 126 143
3 141 10 7
3 136 135 126
3 123 126 125
3 106 164 96
3 164 106 165
3 165 166 98
3 166 165 167
3 165 98 96
3 165 96 164
3 167 168 170
3 168 167 169
3 167 170 98
3 167 98 166
3 91 170 88
3 91 98 170
3 88 170 86
3 169 86 170
3 169 170 168
3 171 169 173
3 171 172 169
3 169 172 86
3 174 173 175
3 174 171 173
3 176 175 177
3 176 174 175
3 178 177 179
3 178 176 177
3 180 179 181
3 180 178 179
3 182 181 183
3 182 180 181
3 182 70 180
3 182 184 70
3 64 184 63
3 64 70 184
3 180 70 68
3 180 68 178
3 178 68 73
3 178 73 176
3 176 73 83
3 176 83 174
3 174 83 81
3 174 81 171
3 171 86 172
3 171 81 86
3 102 25 22
3 88 86 87
3 75 83 73
3 66 50 77
3 75 73 74
3 64 71 70
3 66 52 50
3 47 50 51
3 47 46 50
3 35 39 38
3 35 34 39
