153
135

0.21472 -0.45652 -0.02537
0.24659 -0.45541 -0.02085
0.22948 -0.49298 -0.03229
0.25397 -0.47364 -0.02431
0.25410 -0.49059 -0.06365
0.26628 -0.47245 -0.03999
0.25455 -0.45265 -0.07612
0.26650 -0.45348 -0.04623
0.23021 -0.43159 -0.05247
0.25433 -0.44295 -0.03440
0.21472 -0.45652 -0.02537
0.24659 -0.45541 -0.02085
0.28963 -0.45148 -0.00734
0.28963 -0.45148 -0.00734
0.28963 -0.45148 -0.00734
0.28963 -0.45148 -0.00734
0.28963 -0.45148 -0.00734
0.09312 -0.21826 -0.14102
0.08155 -0.20682 -0.16881
0.11744 -0.18915 -0.15350
0.09371 -0.19226 -0.17505
0.13363 -0.20060 -0.18817
0.10181 -0.19799 -0.19239
0.11931 -0.23680 -0.19712
0.09465 -0.21608 -0.19686
0.09427 -0.24772 -0.16798
0.08213 -0.22154 -0.18229
0.09312 -0.21826 -0.14102
0.08155 -0.20682 -0.16881
0.05888 -0.18919 -0.20383
0.05888 -0.18919 -0.20383
0.05888 -0.18919 -0.20383
0.05888 -0.18919 -0.20383
0.05888 -0.18919 -0.20383
0.18018 -0.64280 -0.07579
0.16284 -0.65289 -0.10098
0.16186 -0.61108 -0.09172
0.15368 -0.63703 -0.10895
0.17574 -0.60616 -0.12885
0.16062 -0.63457 -0.12751
0.20263 -0.63485 -0.13587
0.17407 -0.64891 -0.13102
0.20538 -0.65749 -0.10308
0.17544 -0.66023 -0.11463
0.18018 -0.64280 -0.07579
0.16284 -0.65289 -0.10098
0.13491 -0.67166 -0.13128
0.13491 -0.67166 -0.13128
0.13491 -0.67166 -0.13128
0.13491 -0.67166 -0.13128
0.13491 -0.67166 -0.13128
0.47184 -0.79886 -0.17555
0.45907 -0.81205 -0.20200
0.45901 -0.76931 -0.19916
0.45266 -0.79727 -0.21381
0.48006 -0.77058 -0.23308
0.46318 -0.79791 -0.23077
0.50591 -0.80092 -0.23043
0.47611 -0.81308 -0.22944
0.50083 -0.81839 -0.19487
0.47357 -0.82182 -0.21167
0.47184 -0.79886 -0.17555
0.45907 -0.81205 -0.20200
0.43635 -0.83423 -0.23430
0.43635 -0.83423 -0.23430
0.43635 -0.83423 -0.23430
0.43635 -0.83423 -0.23430
0.43635 -0.83423 -0.23430
0.50056 -0.80637 -0.44565
0.47768 -0.82885 -0.44275
0.46943 -0.79534 -0.46812
0.46212 -0.82334 -0.45399
0.46455 -0.82277 -0.49675
0.45968 -0.83705 -0.46830
0.49266 -0.85075 -0.49196
0.47373 -0.85104 -0.46590
0.51491 -0.84061 -0.46038
0.48486 -0.84597 -0.45011
0.50056 -0.80637 -0.44565
0.47768 -0.82885 -0.44275
0.44583 -0.85886 -0.43110
0.44583 -0.85886 -0.43110
0.44583 -0.85886 -0.43110
0.44583 -0.85886 -0.43110
0.44583 -0.85886 -0.43110
0.37574 -1.11063 -0.56280
0.35787 -1.12853 -0.54285
0.33744 -1.10642 -0.57332
0.33873 -1.12642 -0.54812
0.32388 -1.14209 -0.58512
0.33195 -1.14426 -0.55401
0.35380 -1.16835 -0.58188
0.34690 -1.15739 -0.55240
0.38585 -1.14891 -0.56809
0.36293 -1.14767 -0.54550
0.37574 -1.11063 -0.56280
0.35787 -1.12853 -0.54285
0.33591 -1.14940 -0.50920
0.33591 -1.14940 -0.50920
0.33591 -1.14940 -0.50920
0.33591 -1.14940 -0.50920
0.33591 -1.14940 -0.50920
0.45851 -0.65223 -0.04620
0.48764 -0.63889 -0.04289
0.48533 -0.68166 -0.04310
0.50105 -0.65361 -0.04135
0.50995 -0.67927 -0.07447
0.51336 -0.65241 -0.05703
0.49834 -0.64836 -0.09694
0.50755 -0.63696 -0.06827
0.46655 -0.63165 -0.07947
0.49165 -0.62860 -0.05953
0.45851 -0.65223 -0.04620
0.48764 -0.63889 -0.04289
0.52559 -0.61671 -0.03199
0.52559 -0.61671 -0.03199
0.52559 -0.61671 -0.03199
0.52559 -0.61671 -0.03199
0.52559 -0.61671 -0.03199
0.46611 -0.93084 -0.68486
0.46498 -0.93876 -0.71605
0.48419 -0.96617 -0.68932
0.47402 -0.95643 -0.71828
0.45703 -0.99238 -0.70237
0.46044 -0.96953 -0.72481
0.42215 -0.97325 -0.70597
0.44300 -0.95997 -0.72661
0.42776 -0.93522 -0.69514
0.44580 -0.94095 -0.72120
0.46611 -0.93084 -0.68486
0.46498 -0.93876 -0.71605
0.46716 -0.94325 -0.76106
0.46716 -0.94325 -0.76106
0.46716 -0.94325 -0.76106
0.46716 -0.94325 -0.76106
0.46716 -0.94325 -0.76106
0.52588 -1.34474 -0.78929
0.52520 -1.35223 -0.82061
0.54403 -1.38001 -0.79399
0.53427 -1.36987 -0.82295
0.51704 -1.40603 -0.80779
0.52078 -1.38288 -0.82985
0.48222 -1.38685 -0.81162
0.50337 -1.37329 -0.83177
0.48768 -1.34897 -0.80019
0.50610 -1.35434 -0.82606
0.52588 -1.34474 -0.78929
0.52520 -1.35223 -0.82061
0.52803 -1.35609 -0.86564
0.52803 -1.35609 -0.86564
0.52803 -1.35609 -0.86564
0.52803 -1.35609 -0.86564
0.52803 -1.35609 -0.86564
3 1 0 2
3 2 3 1
3 3 2 4
3 4 5 3
3 5 4 6
3 6 7 5
3 7 6 8
3 8 9 7
3 9 8 10
3 10 11 9
3 9 11 12
3 7 9 13
3 5 7 14
3 3 5 15
3 1 3 16
3 18 17 19
3 19 20 18
3 20 19 21
3 21 22 20
3 22 21 23
3 23 24 22
3 24 23 25
3 25 26 24
3 26 25 27
3 27 28 26
3 26 28 29
3 24 26 30
3 22 24 31
3 20 22 32
3 18 20 33
3 35 34 36
3 36 37 35
3 37 36 38
3 38 39 37
3 39 38 40
3 40 41 39
3 41 40 42
3 42 43 41
3 43 42 44
3 44 45 43
3 43 45 46
3 41 43 47
3 39 41 48
3 37 39 49
3 35 37 50
3 52 51 53
3 53 54 52
3 54 53 55
3 55 56 54
3 56 55 57
3 57 58 56
3 58 57 59
3 59 60 58
3 60 59 61
3 61 62 60
3 60 62 63
3 58 60 64
3 56 58 65
3 54 56 66
3 52 54 67
3 69 68 70
3 70 71 69
3 71 70 72
3 72 73 71
3 73 72 74
3 74 75 73
3 75 74 76
3 76 77 75
3 77 76 78
3 78 79 77
3 77 79 80
3 75 77 81
3 73 75 82
3 71 73 83
3 69 71 84
3 86 85 87
3 87 88 86
3 88 87 89
3 89 90 88
3 90 89 91
3 91 92 90
3 92 91 93
3 93 94 92
3 94 93 95
3 95 96 94
3 94 96 97
3 92 94 98
3 90 92 99
3 88 90 100
3 86 88 101
3 103 102 104
3 104 105 103
3 105 104 106
3 106 107 105
3 107 106 108
3 108 109 107
3 109 108 110
3 110 111 109
3 111 110 112
3 112 113 111
3 111 113 114
3 109 111 115
3 107 109 116
3 105 107 117
3 103 105 118
3 120 119 121
3 121 122 120
3 122 121 123
3 123 124 122
3 124 123 125
3 125 126 124
3 126 125 127
3 127 128 126
3 128 127 129
3 129 130 128
3 128 130 131
3 126 128 132
3 124 126 133
3 122 124 134
3 120 122 135
3 137 136 138
3 138 139 137
3 139 138 140
3 140 141 139
3 141 140 142
3 142 143 141
3 143 142 144
3 144 145 143
3 145 144 146
3 146 147 145
3 145 147 148
3 143 145 149
3 141 143 150
3 139 141 151
3 137 139 152
